# BINNING-LOGL: MIN=-10.0004438376 BINWIDTH=0.0236417112
# GP-LABEL-LOGL: log( L / L_{/CMSY10 \014})
# P(d<0): 86
# P(d>0): 14
# MEAN: -1.26
# SD: 1.18
# 1: dLOGL / log(Lsun)	2: probability
-7.2225427716	1.08761e-10
-7.1989010604	2.41679e-10
-7.1752593492	4.19716e-10
-7.151617638	6.66102e-10
-7.1279759268	9.80851e-10
-7.1043342156	1.36624e-09
-7.0806925044	1.84533e-09
-7.0570507932	2.40575e-09
-7.033409082	3.08327e-09
-7.0097673708	3.86255e-09
-6.9861256596	4.78249e-09
-6.9624839484	5.83589e-09
-6.9388422372	7.05636e-09
-6.915200526	8.44420e-09
-6.8915588148	1.00357e-08
-6.8679171036	1.18340e-08
-6.8442753924	1.38848e-08
-6.8206336812	1.61878e-08
-6.79699197	1.87878e-08
-6.7733502588	2.16495e-08
-6.7497085476	2.48567e-08
-6.7260668364	2.84285e-08
-6.7024251252	3.23833e-08
-6.678783414	3.68116e-08
-6.6551417028	4.17088e-08
-6.6314999916	4.71678e-08
-6.6078582804	5.32337e-08
-6.5842165692	5.99578e-08
-6.560574858	6.74405e-08
-6.5369331468	7.57308e-08
-6.5132914356	8.49310e-08
-6.4896497244	9.51276e-08
-6.4660080132	1.06426e-07
-6.442366302	1.18930e-07
-6.4187245908	1.32766e-07
-6.3950828796	1.48073e-07
-6.3714411684	1.64992e-07
-6.3477994572	1.83688e-07
-6.324157746	2.04332e-07
-6.3005160348	2.27120e-07
-6.2768743236	2.52259e-07
-6.2532326124	2.79976e-07
-6.2295909012	3.10523e-07
-6.20594919	3.44165e-07
-6.1823074788	3.81202e-07
-6.1586657676	4.21950e-07
-6.1350240564	4.66757e-07
-6.1113823452	5.16006e-07
-6.087740634	5.70100e-07
-6.0640989228	6.29490e-07
-6.0404572116	6.94655e-07
-6.0168155004	7.66119e-07
-5.9931737892	8.44446e-07
-5.969532078	9.30250e-07
-5.9458903668	1.02419e-06
-5.9222486556	1.12699e-06
-5.8986069444	1.23941e-06
-5.8749652332	1.36230e-06
-5.851323522	1.49654e-06
-5.8276818108	1.64310e-06
-5.8040400996	1.80304e-06
-5.7803983884	1.97747e-06
-5.7567566772	2.16760e-06
-5.733114966	2.37472e-06
-5.7094732548	2.60024e-06
-5.6858315436	2.84564e-06
-5.6621898324	3.11253e-06
-5.6385481212	3.40263e-06
-5.61490641	3.71779e-06
-5.5912646988	4.05997e-06
-5.5676229876	4.43129e-06
-5.5439812764	4.83400e-06
-5.5203395652	5.27051e-06
-5.496697854	5.74338e-06
-5.4730561428	6.25538e-06
-5.4494144316	6.80941e-06
-5.4257727204	7.40859e-06
-5.4021310092	8.05625e-06
-5.378489298	8.75590e-06
-5.3548475868	9.51130e-06
-5.3312058756	1.03264e-05
-5.3075641644	1.12055e-05
-5.2839224532	1.21530e-05
-5.260280742	1.31738e-05
-5.2366390308	1.42727e-05
-5.2129973196	1.54552e-05
-5.1893556084	1.67270e-05
-5.1657138972	1.80938e-05
-5.142072186	1.95621e-05
-5.1184304748	2.11385e-05
-5.0947887636	2.28300e-05
-5.0711470524	2.46439e-05
-5.0475053412	2.65881e-05
-5.02386363	2.86706e-05
-5.0002219188	3.09001e-05
-4.9765802076	3.32856e-05
-4.9529384964	3.58366e-05
-4.9292967852	3.85630e-05
-4.905655074	4.14751e-05
-4.8820133628	4.45840e-05
-4.8583716516	4.79009e-05
-4.8347299404	5.14379e-05
-4.8110882292	5.52073e-05
-4.787446518	5.92222e-05
-4.7638048068	6.34960e-05
-4.7401630956	6.80430e-05
-4.7165213844	7.28777e-05
-4.6928796732	7.80156e-05
-4.669237962	8.34724e-05
-4.6455962508	8.92646e-05
-4.6219545396	9.54093e-05
-4.5983128284	1.01924e-04
-4.5746711172	1.08828e-04
-4.551029406	1.16139e-04
-4.5273876948	1.23878e-04
-4.5037459836	1.32064e-04
-4.4801042724	1.40718e-04
-4.4564625612	1.49862e-04
-4.43282085	1.59518e-04
-4.4091791388	1.69709e-04
-4.3855374276	1.80459e-04
-4.3618957164	1.91790e-04
-4.3382540052	2.03729e-04
-4.314612294	2.16299e-04
-4.2909705828	2.29528e-04
-4.2673288716	2.43440e-04
-4.2436871604	2.58064e-04
-4.2200454492	2.73426e-04
-4.196403738	2.89555e-04
-4.1727620268	3.06478e-04
-4.1491203156	3.24225e-04
-4.1254786044	3.42825e-04
-4.1018368932	3.62307e-04
-4.078195182	3.82701e-04
-4.0545534708	4.04037e-04
-4.0309117596	4.26345e-04
-4.0072700484	4.49657e-04
-3.9836283372	4.74003e-04
-3.959986626	4.99413e-04
-3.9363449148	5.25919e-04
-3.9127032036	5.53551e-04
-3.8890614924	5.82340e-04
-3.8654197812	6.12317e-04
-3.84177807	6.43511e-04
-3.8181363588	6.75954e-04
-3.7944946476	7.09674e-04
-3.7708529364	7.44700e-04
-3.7472112252	7.81062e-04
-3.723569514	8.18787e-04
-3.6999278028	8.57904e-04
-3.6762860916	8.98438e-04
-3.6526443804	9.40415e-04
-3.6290026692	9.83860e-04
-3.605360958	1.02880e-03
-3.5817192468	1.07525e-03
-3.5580775356	1.12324e-03
-3.5344358244	1.17278e-03
-3.5107941132	1.22390e-03
-3.487152402	1.27661e-03
-3.4635106908	1.33093e-03
-3.4398689796	1.38687e-03
-3.4162272684	1.44444e-03
-3.3925855572	1.50366e-03
-3.368943846	1.56453e-03
-3.3453021348	1.62706e-03
-3.3216604236	1.69126e-03
-3.2980187124	1.75712e-03
-3.2743770012	1.82464e-03
-3.25073529	1.89382e-03
-3.2270935788	1.96466e-03
-3.2034518676	2.03715e-03
-3.1798101564	2.11128e-03
-3.1561684452	2.18703e-03
-3.132526734	2.26440e-03
-3.1088850228	2.34335e-03
-3.0852433116	2.42387e-03
-3.0616016004	2.50594e-03
-3.0379598892	2.58952e-03
-3.014318178	2.67460e-03
-2.9906764668	2.76112e-03
-2.9670347556	2.84906e-03
-2.9433930444	2.93838e-03
-2.9197513332	3.02904e-03
-2.896109622	3.12098e-03
-2.8724679108	3.21417e-03
-2.8488261996	3.30854e-03
-2.8251844884	3.40405e-03
-2.8015427772	3.50063e-03
-2.777901066	3.59823e-03
-2.7542593548	3.69678e-03
-2.7306176436	3.79622e-03
-2.7069759324	3.89647e-03
-2.6833342212	3.99746e-03
-2.65969251	4.09913e-03
-2.6360507988	4.20138e-03
-2.6124090876	4.30414e-03
-2.5887673764	4.40733e-03
-2.5651256652	4.51087e-03
-2.541483954	4.61466e-03
-2.5178422428	4.71861e-03
-2.4942005316	4.82265e-03
-2.4705588204	4.92666e-03
-2.4469171092	5.03056e-03
-2.423275398	5.13426e-03
-2.3996336868	5.23765e-03
-2.3759919756	5.34063e-03
-2.3523502644	5.44311e-03
-2.3287085532	5.54499e-03
-2.305066842	5.64616e-03
-2.2814251308	5.74652e-03
-2.2577834196	5.84597e-03
-2.2341417084	5.94440e-03
-2.2104999972	6.04172e-03
-2.186858286	6.13782e-03
-2.1632165748	6.23260e-03
-2.1395748636	6.32596e-03
-2.1159331524	6.41779e-03
-2.0922914412	6.50801e-03
-2.06864973	6.59650e-03
-2.0450080188	6.68317e-03
-2.0213663076	6.76793e-03
-1.9977245964	6.85068e-03
-1.9740828852	6.93133e-03
-1.950441174	7.00979e-03
-1.9267994628	7.08598e-03
-1.9031577516	7.15980e-03
-1.8795160404	7.23117e-03
-1.8558743292	7.30002e-03
-1.832232618	7.36627e-03
-1.8085909068	7.42983e-03
-1.7849491956	7.49065e-03
-1.7613074844	7.54866e-03
-1.7376657732	7.60378e-03
-1.714024062	7.65596e-03
-1.6903823508	7.70515e-03
-1.6667406396	7.75129e-03
-1.6430989284	7.79432e-03
-1.6194572172	7.83422e-03
-1.595815506	7.87093e-03
-1.5721737948	7.90441e-03
-1.5485320836	7.93464e-03
-1.5248903724	7.96159e-03
-1.5012486612	7.98524e-03
-1.47760695	8.00555e-03
-1.4539652388	8.02253e-03
-1.4303235276	8.03615e-03
-1.4066818164	8.04641e-03
-1.3830401052	8.05331e-03
-1.359398394	8.05684e-03
-1.3357566828	8.05703e-03
-1.3121149716	8.05387e-03
-1.2884732604	8.04738e-03
-1.2648315492	8.03759e-03
-1.241189838	8.02450e-03
-1.2175481268	8.00816e-03
-1.1939064156	7.98859e-03
-1.1702647044	7.96583e-03
-1.1466229932	7.93991e-03
-1.122981282	7.91088e-03
-1.0993395708	7.87878e-03
-1.0756978596	7.84367e-03
-1.0520561484	7.80559e-03
-1.0284144372	7.76461e-03
-1.004772726	7.72078e-03
-0.981131014799999	7.67415e-03
-0.957489303599999	7.62481e-03
-0.933847592399999	7.57281e-03
-0.9102058812	7.51823e-03
-0.88656417	7.46113e-03
-0.8629224588	7.40160e-03
-0.8392807476	7.33970e-03
-0.8156390364	7.27552e-03
-0.791997325199999	7.20913e-03
-0.768355613999999	7.14062e-03
-0.744713902799999	7.07007e-03
-0.721072191599999	6.99757e-03
-0.6974304804	6.92320e-03
-0.6737887692	6.84704e-03
-0.650147058	6.76918e-03
-0.6265053468	6.68971e-03
-0.6028636356	6.60873e-03
-0.579221924399999	6.52630e-03
-0.555580213199999	6.44253e-03
-0.531938501999999	6.35751e-03
-0.508296790799999	6.27131e-03
-0.4846550796	6.18404e-03
-0.4610133684	6.09576e-03
-0.4373716572	6.00658e-03
-0.413729946	5.91658e-03
-0.3900882348	5.82585e-03
-0.366446523599999	5.73446e-03
-0.342804812399999	5.64250e-03
-0.319163101199999	5.55006e-03
-0.295521389999999	5.45721e-03
-0.2718796788	5.36403e-03
-0.2482379676	5.27061e-03
-0.2245962564	5.17702e-03
-0.2009545452	5.08332e-03
-0.177312834	4.98961e-03
-0.153671122799999	4.89595e-03
-0.130029411599999	4.80240e-03
-0.106387700399999	4.70904e-03
-0.0827459891999993	4.61593e-03
-0.0591042779999995	4.52313e-03
-0.0354625667999997	4.43072e-03
-0.0118208555999999	4.33874e-03
0.0118208555999999	4.24725e-03
0.0354625667999997	4.15632e-03
0.0591042780000013	4.06599e-03
0.0827459892000011	3.97631e-03
0.106387700400001	3.88734e-03
0.130029411600001	3.79912e-03
0.153671122800001	3.71170e-03
0.177312834	3.62511e-03
0.2009545452	3.53940e-03
0.2245962564	3.45461e-03
0.2482379676	3.37078e-03
0.271879678800001	3.28793e-03
0.295521390000001	3.20609e-03
0.319163101200001	3.12531e-03
0.342804812400001	3.04560e-03
0.366446523600001	2.96699e-03
0.3900882348	2.88951e-03
0.413729946	2.81317e-03
0.4373716572	2.73800e-03
0.4610133684	2.66402e-03
0.484655079600001	2.59123e-03
0.508296790800001	2.51966e-03
0.531938502000001	2.44931e-03
0.555580213200001	2.38021e-03
0.579221924400001	2.31234e-03
0.6028636356	2.24573e-03
0.6265053468	2.18038e-03
0.650147058	2.11629e-03
0.6737887692	2.05347e-03
0.6974304804	1.99191e-03
0.721072191600001	1.93162e-03
0.744713902800001	1.87260e-03
0.768355614000001	1.81484e-03
0.791997325200001	1.75834e-03
0.8156390364	1.70310e-03
0.8392807476	1.64910e-03
0.8629224588	1.59634e-03
0.88656417	1.54482e-03
0.9102058812	1.49452e-03
0.933847592400001	1.44544e-03
0.957489303600001	1.39755e-03
0.981131014800001	1.35086e-03
1.004772726	1.30535e-03
1.0284144372	1.26101e-03
1.0520561484	1.21782e-03
1.0756978596	1.17576e-03
1.0993395708	1.13483e-03
1.122981282	1.09501e-03
1.1466229932	1.05628e-03
1.1702647044	1.01863e-03
1.1939064156	9.82034e-04
1.2175481268	9.46481e-04
1.241189838	9.11952e-04
1.2648315492	8.78431e-04
1.2884732604	8.45898e-04
1.3121149716	8.14337e-04
1.3357566828	7.83728e-04
1.359398394	7.54053e-04
1.3830401052	7.25293e-04
1.4066818164	6.97430e-04
1.4303235276	6.70446e-04
1.4539652388	6.44320e-04
1.47760695	6.19035e-04
1.5012486612	5.94572e-04
1.5248903724	5.70912e-04
1.5485320836	5.48036e-04
1.5721737948	5.25925e-04
1.595815506	5.04562e-04
1.6194572172	4.83927e-04
1.6430989284	4.64003e-04
1.6667406396	4.44771e-04
1.6903823508	4.26214e-04
1.714024062	4.08313e-04
1.7376657732	3.91051e-04
1.7613074844	3.74411e-04
1.7849491956	3.58375e-04
1.8085909068	3.42927e-04
1.832232618	3.28050e-04
1.8558743292	3.13727e-04
1.8795160404	2.99943e-04
1.9031577516	2.86681e-04
1.9267994628	2.73925e-04
1.950441174	2.61661e-04
1.9740828852	2.49873e-04
1.9977245964	2.38546e-04
2.0213663076	2.27666e-04
2.0450080188	2.17218e-04
2.06864973	2.07189e-04
2.0922914412	1.97565e-04
2.1159331524	1.88333e-04
2.1395748636	1.79479e-04
2.1632165748	1.70990e-04
2.186858286	1.62855e-04
2.2104999972	1.55060e-04
2.2341417084	1.47595e-04
2.2577834196	1.40447e-04
2.2814251308	1.33606e-04
2.305066842	1.27059e-04
2.3287085532	1.20798e-04
2.3523502644	1.14810e-04
2.3759919756	1.09086e-04
2.3996336868	1.03616e-04
2.423275398	9.83907e-05
2.4469171092	9.34005e-05
2.4705588204	8.86365e-05
2.4942005316	8.40897e-05
2.5178422428	7.97519e-05
2.541483954	7.56146e-05
2.5651256652	7.16700e-05
2.5887673764	6.79102e-05
2.6124090876	6.43279e-05
2.6360507988	6.09156e-05
2.65969251	5.76665e-05
2.6833342212	5.45737e-05
2.7069759324	5.16307e-05
2.7306176436	4.88311e-05
2.7542593548	4.61689e-05
2.777901066	4.36381e-05
2.8015427772	4.12330e-05
2.8251844884	3.89481e-05
2.8488261996	3.67782e-05
2.8724679108	3.47181e-05
2.896109622	3.27629e-05
2.9197513332	3.09080e-05
2.9433930444	2.91487e-05
2.9670347556	2.74807e-05
2.9906764668	2.58998e-05
3.014318178	2.44019e-05
3.0379598892	2.29832e-05
3.0616016004	2.16400e-05
3.0852433116	2.03686e-05
3.1088850228	1.91656e-05
3.132526734	1.80277e-05
3.1561684452	1.69518e-05
3.1798101564	1.59349e-05
3.2034518676	1.49740e-05
3.2270935788	1.40664e-05
3.25073529	1.32094e-05
3.2743770012	1.24005e-05
3.2980187124	1.16372e-05
3.3216604236	1.09173e-05
3.3453021348	1.02385e-05
3.368943846	9.59867e-06
3.3925855572	8.99577e-06
3.4162272684	8.42789e-06
3.4398689796	7.89318e-06
3.4635106908	7.38987e-06
3.487152402	6.91630e-06
3.5107941132	6.47085e-06
3.5344358244	6.05201e-06
3.5580775356	5.65832e-06
3.5817192468	5.28842e-06
3.605360958	4.94099e-06
3.6290026692	4.61478e-06
3.6526443804	4.30860e-06
3.6762860916	4.02132e-06
3.6999278028	3.75189e-06
3.723569514	3.49927e-06
3.7472112252	3.26251e-06
3.7708529364	3.04069e-06
3.7944946476	2.83294e-06
3.8181363588	2.63844e-06
3.84177807	2.45642e-06
3.8654197812	2.28614e-06
3.8890614924	2.12689e-06
3.9127032036	1.97802e-06
3.9363449148	1.83890e-06
3.959986626	1.70894e-06
3.9836283372	1.58759e-06
4.0072700484	1.47432e-06
4.0309117596	1.36862e-06
4.0545534708	1.27003e-06
4.078195182	1.17811e-06
4.1018368932	1.09243e-06
4.1254786044	1.01261e-06
4.1491203156	9.38263e-07
4.1727620268	8.69051e-07
4.196403738	8.04639e-07
4.2200454492	7.44719e-07
4.2436871604	6.88998e-07
4.2673288716	6.37203e-07
4.2909705828	5.89075e-07
4.314612294	5.44373e-07
4.3382540052	5.02869e-07
4.3618957164	4.64348e-07
4.3855374276	4.28611e-07
4.4091791388	3.95468e-07
4.43282085	3.64745e-07
4.4564625612	3.36275e-07
4.4801042724	3.09903e-07
4.5037459836	2.85486e-07
4.5273876948	2.62886e-07
4.551029406	2.41979e-07
4.5746711172	2.22643e-07
4.5983128284	2.04770e-07
4.6219545396	1.88254e-07
4.6455962508	1.72999e-07
4.669237962	1.58914e-07
4.6928796732	1.45915e-07
4.7165213844	1.33923e-07
4.7401630956	1.22864e-07
4.7638048068	1.12671e-07
4.787446518	1.03279e-07
4.8110882292	9.46294e-08
4.8347299404	8.66670e-08
4.8583716516	7.93397e-08
4.8820133628	7.26006e-08
4.905655074	6.64042e-08
4.9292967852	6.07092e-08
4.9529384964	5.54778e-08
4.9765802076	5.06736e-08
5.0002219188	4.62643e-08
5.02386363	4.22190e-08
5.0475053412	3.85089e-08
5.0711470524	3.51085e-08
5.0947887636	3.19928e-08
5.1184304748	2.91397e-08
5.142072186	2.65278e-08
5.1657138972	2.41385e-08
5.1893556084	2.19537e-08
5.2129973196	1.99564e-08
5.2366390308	1.81319e-08
5.260280742	1.64655e-08
5.2839224532	1.49446e-08
5.3075641644	1.35569e-08
5.3312058756	1.22913e-08
5.3548475868	1.11379e-08
5.378489298	1.00872e-08
5.4021310092	9.13064e-09
5.4257727204	8.26002e-09
5.4494144316	7.46830e-09
5.4730561428	6.74863e-09
5.496697854	6.09454e-09
5.5203395652	5.50068e-09
5.5439812764	4.96150e-09
5.5676229876	4.47250e-09
5.5912646988	4.02903e-09
5.61490641	3.62706e-09
5.6385481212	3.26306e-09
5.6621898324	2.93350e-09
5.6858315436	2.63551e-09
5.7094732548	2.36614e-09
5.733114966	2.12290e-09
5.7567566772	1.90334e-09
5.7803983884	1.70527e-09
5.8040400996	1.52681e-09
5.8276818108	1.36600e-09
5.851323522	1.22135e-09
5.8749652332	1.09129e-09
5.8986069444	9.74378e-10
5.9222486556	8.69413e-10
5.9458903668	7.75103e-10
5.969532078	6.90469e-10
5.9931737892	6.14483e-10
6.0168155004	5.46413e-10
6.0404572116	4.85478e-10
6.0640989228	4.30856e-10
6.087740634	3.82034e-10
6.1113823452	3.38453e-10
6.1350240564	2.99609e-10
6.1586657676	2.64935e-10
6.1823074788	2.33994e-10
6.20594919	2.06418e-10
6.2295909012	1.81852e-10
6.2532326124	1.60033e-10
6.2768743236	1.40645e-10
6.3005160348	1.23463e-10
6.324157746	1.08232e-10
