# BINNING-AGE: MIN=-0.01 BINWIDTH=0.02
# GP-LABEL-AGE: Age / Myr
# 1: AGE / Myr	2: probability
0	7.43451e-04
0.02	7.43389e-04
0.04	7.43458e-04
0.06	7.43547e-04
0.08	7.43651e-04
0.1	7.43738e-04
0.12	7.43829e-04
0.14	7.43919e-04
0.16	7.44006e-04
0.18	7.44089e-04
0.2	7.44169e-04
0.22	7.44254e-04
0.24	7.44339e-04
0.26	7.44415e-04
0.28	7.44487e-04
0.3	7.44554e-04
0.32	7.44618e-04
0.34	7.44683e-04
0.36	7.44757e-04
0.38	7.44820e-04
0.4	7.44890e-04
0.42	7.44955e-04
0.44	7.45023e-04
0.46	7.45091e-04
0.48	7.45157e-04
0.5	7.45216e-04
0.52	7.45289e-04
0.54	7.45350e-04
0.56	7.45415e-04
0.58	7.45488e-04
0.6	7.45548e-04
0.62	7.45621e-04
0.64	7.45687e-04
0.66	7.45749e-04
0.68	7.45820e-04
0.7	7.45882e-04
0.72	7.45947e-04
0.74	7.46018e-04
0.76	7.46083e-04
0.78	7.46144e-04
0.8	7.46209e-04
0.82	7.46274e-04
0.84	7.46328e-04
0.86	7.46398e-04
0.88	7.46457e-04
0.9	7.46514e-04
0.92	7.46583e-04
0.94	7.46644e-04
0.96	7.46702e-04
0.98	7.46760e-04
1	7.46821e-04
1.02	7.46895e-04
1.04	7.46945e-04
1.06	7.47013e-04
1.08	7.47057e-04
1.1	7.47131e-04
1.12	7.47197e-04
1.14	7.47246e-04
1.16	7.47305e-04
1.18	7.47368e-04
1.2	7.47424e-04
1.22	7.47496e-04
1.24	7.47557e-04
1.26	7.47606e-04
1.28	7.47655e-04
1.3	7.47725e-04
1.32	7.47789e-04
1.34	7.47844e-04
1.36	7.47893e-04
1.38	7.47946e-04
1.4	7.48015e-04
1.42	7.48079e-04
1.44	7.48137e-04
1.46	7.48191e-04
1.48	7.48252e-04
1.5	7.48298e-04
1.52	7.48387e-04
1.54	7.48452e-04
1.56	7.48506e-04
1.58	7.48586e-04
1.6	7.48647e-04
1.62	7.48713e-04
1.64	7.48787e-04
1.66	7.48868e-04
1.68	7.48955e-04
1.7	7.49037e-04
1.72	7.49112e-04
1.74	7.49192e-04
1.76	7.49290e-04
1.78	7.49394e-04
1.8	7.49489e-04
1.82	7.49585e-04
1.84	7.49691e-04
1.86	7.49803e-04
1.88	7.49897e-04
1.9	7.49867e-04
1.92	7.49804e-04
1.94	7.49789e-04
1.96	7.49766e-04
1.98	7.49734e-04
2	7.49687e-04
2.02	7.49640e-04
2.04	7.49574e-04
2.06	7.49473e-04
2.08	7.49365e-04
2.1	7.49282e-04
2.12	7.49191e-04
2.14	7.49111e-04
2.16	7.49024e-04
2.18	7.48952e-04
2.2	7.48853e-04
2.22	7.48755e-04
2.24	7.48634e-04
2.26	7.48531e-04
2.28	7.48414e-04
2.3	7.48298e-04
2.32	7.48184e-04
2.34	7.48067e-04
2.36	7.47959e-04
2.38	7.47820e-04
2.4	7.47693e-04
2.42	7.47530e-04
2.44	7.47331e-04
2.46	7.47117e-04
2.48	7.46896e-04
2.5	7.46671e-04
2.52	7.46433e-04
2.54	7.46186e-04
2.56	7.45932e-04
2.58	7.45660e-04
2.6	7.45379e-04
2.62	7.45108e-04
2.64	7.44801e-04
2.66	7.44498e-04
2.68	7.44257e-04
2.7	7.44016e-04
2.72	7.43758e-04
2.74	7.43528e-04
2.76	7.43309e-04
2.78	7.43062e-04
2.8	7.42806e-04
2.82	7.42546e-04
2.84	7.42312e-04
2.86	7.42062e-04
2.88	7.41781e-04
2.9	7.41485e-04
2.92	7.41212e-04
2.94	7.40958e-04
2.96	7.40683e-04
2.98	7.40430e-04
3	7.40238e-04
3.02	7.40043e-04
3.04	7.39837e-04
3.06	7.39627e-04
3.08	7.39428e-04
3.1	7.39224e-04
3.12	7.39019e-04
3.14	7.38727e-04
3.16	7.38392e-04
3.18	7.38032e-04
3.2	7.37684e-04
3.22	7.37303e-04
3.24	7.36928e-04
3.26	7.36551e-04
3.28	7.36162e-04
3.3	7.35782e-04
3.32	7.35397e-04
3.34	7.34977e-04
3.36	7.34547e-04
3.38	7.34131e-04
3.4	7.33742e-04
3.42	7.33348e-04
3.44	7.32938e-04
3.46	7.32517e-04
3.48	7.32100e-04
3.5	7.31678e-04
3.52	7.31261e-04
3.54	7.30826e-04
3.56	7.30354e-04
3.58	7.29920e-04
3.6	7.29425e-04
3.62	7.28949e-04
3.64	7.28431e-04
3.66	7.27949e-04
3.68	7.27450e-04
3.7	7.26916e-04
3.72	7.26389e-04
3.74	7.25885e-04
3.76	7.25381e-04
3.78	7.24899e-04
3.8	7.24441e-04
3.82	7.23951e-04
3.84	7.23462e-04
3.86	7.22999e-04
3.88	7.22501e-04
3.9	7.22034e-04
3.92	7.21564e-04
3.94	7.21075e-04
3.96	7.20662e-04
3.98	7.20171e-04
4	7.19681e-04
4.02	7.19177e-04
4.04	7.18764e-04
4.06	7.18275e-04
4.08	7.17755e-04
4.1	7.17241e-04
4.12	7.16776e-04
4.14	7.16218e-04
4.16	7.15712e-04
4.18	7.15224e-04
4.2	7.14655e-04
4.22	7.14179e-04
4.24	7.13586e-04
4.26	7.13116e-04
4.28	7.12518e-04
4.3	7.11998e-04
4.32	7.11423e-04
4.34	7.10872e-04
4.36	7.10389e-04
4.38	7.09917e-04
4.4	7.09501e-04
4.42	7.09094e-04
4.44	7.08660e-04
4.46	7.08173e-04
4.48	7.07692e-04
4.5	7.07259e-04
4.52	7.06729e-04
4.54	7.06085e-04
4.56	7.05496e-04
4.58	7.04895e-04
4.6	7.04266e-04
4.62	7.03677e-04
4.64	7.03081e-04
4.66	7.02471e-04
4.68	7.01860e-04
4.7	7.01268e-04
4.72	7.00667e-04
4.74	7.00040e-04
4.76	6.99445e-04
4.78	6.98835e-04
4.8	6.98239e-04
4.82	6.97637e-04
4.84	6.97069e-04
4.86	6.96514e-04
4.88	6.96009e-04
4.9	6.95514e-04
4.92	6.95055e-04
4.94	6.94502e-04
4.96	6.93907e-04
4.98	6.93357e-04
5	6.92849e-04
5.02	6.92441e-04
5.04	6.91872e-04
5.06	6.91275e-04
5.08	6.90675e-04
5.1	6.90328e-04
5.12	6.89708e-04
5.14	6.89093e-04
5.16	6.88538e-04
5.18	6.88141e-04
5.2	6.87484e-04
5.22	6.86833e-04
5.24	6.86300e-04
5.26	6.85877e-04
5.28	6.85210e-04
5.3	6.84602e-04
5.32	6.84163e-04
5.34	6.83558e-04
5.36	6.82849e-04
5.38	6.82491e-04
5.4	6.81765e-04
5.42	6.81084e-04
5.44	6.80714e-04
5.46	6.79960e-04
5.48	6.79272e-04
5.5	6.78879e-04
5.52	6.78152e-04
5.54	6.77501e-04
5.56	6.77126e-04
5.58	6.76411e-04
5.6	6.75841e-04
5.62	6.75288e-04
5.64	6.74566e-04
5.66	6.74195e-04
5.68	6.73453e-04
5.7	6.72881e-04
5.72	6.72361e-04
5.74	6.71657e-04
5.76	6.71287e-04
5.78	6.70493e-04
5.8	6.70041e-04
5.82	6.69380e-04
5.84	6.68802e-04
5.86	6.68233e-04
5.88	6.67545e-04
5.9	6.67060e-04
5.92	6.66326e-04
5.94	6.65866e-04
5.96	6.65133e-04
5.98	6.64727e-04
6	6.63965e-04
6.02	6.63536e-04
6.04	6.62766e-04
6.06	6.62334e-04
6.08	6.61591e-04
6.1	6.61144e-04
6.12	6.60350e-04
6.14	6.59965e-04
6.16	6.59160e-04
6.18	6.58727e-04
6.2	6.57989e-04
6.22	6.57493e-04
6.24	6.56652e-04
6.26	6.56151e-04
6.28	6.55346e-04
6.3	6.54946e-04
6.32	6.54153e-04
6.34	6.53630e-04
6.36	6.52925e-04
6.38	6.52361e-04
6.4	6.51951e-04
6.42	6.51132e-04
6.44	6.50625e-04
6.46	6.49945e-04
6.48	6.49340e-04
6.5	6.48793e-04
6.52	6.48041e-04
6.54	6.47342e-04
6.56	6.47020e-04
6.58	6.46249e-04
6.6	6.45611e-04
6.62	6.45093e-04
6.64	6.44376e-04
6.66	6.43859e-04
6.68	6.43382e-04
6.7	6.42551e-04
6.72	6.42052e-04
6.74	6.41635e-04
6.76	6.40838e-04
6.78	6.40326e-04
6.8	6.39729e-04
6.82	6.39234e-04
6.84	6.38475e-04
6.86	6.38012e-04
6.88	6.37392e-04
6.9	6.36706e-04
6.92	6.36210e-04
6.94	6.35816e-04
6.96	6.34897e-04
6.98	6.34444e-04
7	6.34039e-04
7.02	6.33127e-04
7.04	6.32641e-04
7.06	6.32235e-04
7.08	6.31374e-04
7.1	6.30853e-04
7.12	6.30365e-04
7.14	6.29877e-04
7.16	6.28976e-04
7.18	6.28493e-04
7.2	6.28076e-04
7.22	6.27207e-04
7.24	6.26693e-04
7.26	6.26191e-04
7.28	6.25838e-04
7.3	6.24897e-04
7.32	6.24365e-04
7.34	6.23929e-04
7.36	6.23129e-04
7.38	6.22444e-04
7.4	6.22005e-04
7.42	6.21656e-04
7.44	6.20704e-04
7.46	6.20102e-04
7.48	6.19748e-04
7.5	6.19396e-04
7.52	6.18271e-04
7.54	6.17777e-04
7.56	6.17437e-04
7.58	6.16428e-04
7.6	6.15902e-04
7.62	6.15466e-04
7.64	6.14959e-04
7.66	6.14095e-04
7.68	6.13554e-04
7.7	6.13001e-04
7.72	6.12604e-04
7.74	6.11664e-04
7.76	6.11085e-04
7.78	6.10549e-04
7.8	6.10103e-04
7.82	6.09200e-04
7.84	6.08596e-04
7.86	6.08103e-04
7.88	6.07676e-04
7.9	6.06966e-04
7.92	6.06047e-04
7.94	6.05628e-04
7.96	6.05280e-04
7.98	6.04774e-04
8	6.03610e-04
8.02	6.03132e-04
8.04	6.02827e-04
8.06	6.02424e-04
8.08	6.01122e-04
8.1	6.00545e-04
8.12	6.00242e-04
8.14	5.99950e-04
8.16	5.99544e-04
8.18	5.98132e-04
8.2	5.97711e-04
8.22	5.97416e-04
8.24	5.97034e-04
8.26	5.96146e-04
8.28	5.95314e-04
8.3	5.95016e-04
8.32	5.94622e-04
8.34	5.94255e-04
8.36	5.93396e-04
8.38	5.92599e-04
8.4	5.92123e-04
8.42	5.91690e-04
8.44	5.91505e-04
8.46	5.90645e-04
8.48	5.89863e-04
8.5	5.89261e-04
8.52	5.88921e-04
8.54	5.88688e-04
8.56	5.88455e-04
8.58	5.86831e-04
8.6	5.86367e-04
8.62	5.86060e-04
8.64	5.85960e-04
8.66	5.85579e-04
8.68	5.84150e-04
8.7	5.83638e-04
8.72	5.83431e-04
8.74	5.82957e-04
8.76	5.82589e-04
8.78	5.82427e-04
8.8	5.81109e-04
8.82	5.80503e-04
8.84	5.80142e-04
8.86	5.79804e-04
8.88	5.79551e-04
8.9	5.79260e-04
8.92	5.77860e-04
8.94	5.77333e-04
8.96	5.76952e-04
8.98	5.76650e-04
9	5.76386e-04
9.02	5.76188e-04
9.04	5.74904e-04
9.06	5.73984e-04
9.08	5.73702e-04
9.1	5.73378e-04
9.12	5.73315e-04
9.14	5.73044e-04
9.16	5.71440e-04
9.18	5.70694e-04
9.2	5.70477e-04
9.22	5.70253e-04
9.24	5.69982e-04
9.26	5.69685e-04
9.28	5.68341e-04
9.3	5.67601e-04
9.32	5.67073e-04
9.34	5.66910e-04
9.36	5.66708e-04
9.38	5.66324e-04
9.4	5.66145e-04
9.42	5.64271e-04
9.44	5.63784e-04
9.46	5.63653e-04
9.48	5.63276e-04
9.5	5.62807e-04
9.52	5.62626e-04
9.54	5.61158e-04
9.56	5.60558e-04
9.58	5.60243e-04
9.6	5.59663e-04
9.62	5.59323e-04
9.64	5.59113e-04
9.66	5.58852e-04
9.68	5.57254e-04
9.7	5.56658e-04
9.72	5.56186e-04
9.74	5.55789e-04
9.76	5.55418e-04
9.78	5.55348e-04
9.8	5.55070e-04
9.82	5.53330e-04
9.84	5.52728e-04
9.86	5.52458e-04
9.88	5.51769e-04
9.9	5.51720e-04
9.92	5.51548e-04
9.94	5.51311e-04
9.96	5.49571e-04
9.98	5.48868e-04
10	5.48417e-04
10.02	5.47981e-04
10.04	5.47839e-04
10.06	5.47686e-04
10.08	5.47144e-04
10.1	5.45917e-04
10.12	5.44920e-04
10.14	5.44438e-04
10.16	5.44180e-04
10.18	5.44063e-04
10.2	5.43369e-04
10.22	5.43082e-04
10.24	5.42962e-04
10.26	5.41163e-04
10.28	5.40595e-04
10.3	5.40184e-04
10.32	5.39808e-04
10.34	5.39354e-04
10.36	5.39072e-04
10.38	5.38988e-04
10.4	5.38926e-04
10.42	5.36495e-04
10.44	5.36031e-04
10.46	5.35633e-04
10.48	5.35220e-04
10.5	5.35050e-04
10.52	5.34876e-04
10.54	5.34630e-04
10.56	5.34130e-04
10.58	5.32134e-04
10.6	5.31640e-04
10.62	5.31165e-04
10.64	5.30806e-04
10.66	5.30565e-04
10.68	5.30531e-04
10.7	5.30081e-04
10.72	5.29704e-04
10.74	5.29558e-04
10.76	5.27292e-04
10.78	5.26883e-04
10.8	5.26725e-04
10.82	5.26181e-04
10.84	5.25617e-04
10.86	5.25635e-04
10.88	5.25190e-04
10.9	5.25261e-04
10.92	5.24919e-04
10.94	5.23085e-04
10.96	5.22221e-04
10.98	5.21647e-04
11	5.21344e-04
11.02	5.21006e-04
11.04	5.20727e-04
11.06	5.20603e-04
11.08	5.20324e-04
11.1	5.20045e-04
11.12	5.19867e-04
11.14	5.17747e-04
11.16	5.17043e-04
11.18	5.16714e-04
11.2	5.16599e-04
11.22	5.16161e-04
11.24	5.15506e-04
11.26	5.15381e-04
11.28	5.15095e-04
11.3	5.15087e-04
11.32	5.15045e-04
11.34	5.12754e-04
11.36	5.11890e-04
11.38	5.11550e-04
11.4	5.11330e-04
11.42	5.10921e-04
11.44	5.10624e-04
11.46	5.10418e-04
11.48	5.10095e-04
11.5	5.09776e-04
11.52	5.09682e-04
11.54	5.07778e-04
11.56	5.07031e-04
11.58	5.06326e-04
11.6	5.06256e-04
11.62	5.05637e-04
11.64	5.05402e-04
11.66	5.05172e-04
11.68	5.04796e-04
11.7	5.04574e-04
11.72	5.04520e-04
11.74	5.04331e-04
11.76	5.02273e-04
11.78	5.01511e-04
11.8	5.01096e-04
11.82	5.00597e-04
11.84	5.00266e-04
11.86	5.00195e-04
11.88	4.99553e-04
11.9	4.99356e-04
11.92	4.99067e-04
11.94	4.98966e-04
11.96	4.98724e-04
11.98	4.97191e-04
12	4.96266e-04
12.02	4.95810e-04
12.04	4.95033e-04
12.06	4.94901e-04
12.08	4.94384e-04
12.1	4.94114e-04
12.12	4.93910e-04
12.14	4.93834e-04
12.16	4.93399e-04
12.18	4.92905e-04
12.2	4.92843e-04
12.22	4.91109e-04
12.24	4.90214e-04
12.26	4.89993e-04
12.28	4.89209e-04
12.3	4.88941e-04
12.32	4.88570e-04
12.34	4.88199e-04
12.36	4.88050e-04
12.38	4.87879e-04
12.4	4.87397e-04
12.42	4.86992e-04
12.44	4.86891e-04
12.46	4.85108e-04
12.48	4.84498e-04
12.5	4.83638e-04
12.52	4.83302e-04
12.54	4.83083e-04
12.56	4.82726e-04
12.58	4.82424e-04
12.6	4.81801e-04
12.62	4.81520e-04
12.64	4.81435e-04
12.66	4.80946e-04
12.68	4.80688e-04
12.7	4.79499e-04
12.72	4.78242e-04
12.74	4.77669e-04
12.76	4.77338e-04
12.78	4.76904e-04
12.8	4.76550e-04
12.82	4.76259e-04
12.84	4.75658e-04
12.86	4.75606e-04
12.88	4.75282e-04
12.9	4.74819e-04
12.92	4.74727e-04
12.94	4.74405e-04
12.96	4.72750e-04
12.98	4.71735e-04
13	4.71196e-04
13.02	4.70750e-04
13.04	4.70152e-04
13.06	4.69602e-04
13.08	4.69135e-04
13.1	4.68853e-04
13.12	4.68789e-04
13.14	4.68559e-04
13.16	4.68023e-04
13.18	4.67693e-04
13.2	4.67363e-04
13.22	4.66150e-04
13.24	4.65291e-04
13.26	4.64641e-04
13.28	4.64103e-04
13.3	4.63856e-04
13.32	4.63474e-04
13.34	4.62946e-04
13.36	4.62979e-04
13.38	4.62603e-04
13.4	4.62272e-04
13.42	4.62040e-04
13.44	4.61772e-04
13.46	4.61689e-04
13.48	4.61460e-04
13.5	4.59929e-04
13.52	4.59067e-04
13.54	4.58527e-04
13.56	4.58278e-04
13.58	4.57739e-04
13.6	4.57338e-04
13.62	4.57362e-04
13.64	4.56988e-04
13.66	4.56446e-04
13.68	4.55988e-04
13.7	4.56010e-04
13.72	4.55768e-04
13.74	4.55790e-04
13.76	4.55559e-04
13.78	4.53942e-04
13.8	4.52915e-04
13.82	4.52463e-04
13.84	4.52045e-04
13.86	4.51696e-04
13.88	4.51567e-04
13.9	4.51153e-04
13.92	4.51044e-04
13.94	4.50192e-04
13.96	4.50086e-04
13.98	4.49944e-04
14	4.49969e-04
14.02	4.49695e-04
14.04	4.49295e-04
14.06	4.48845e-04
14.08	4.47281e-04
14.1	4.46789e-04
14.12	4.46497e-04
14.14	4.46201e-04
14.16	4.45483e-04
14.18	4.45028e-04
14.2	4.44781e-04
14.22	4.44479e-04
14.24	4.44114e-04
14.26	4.44131e-04
14.28	4.44147e-04
14.3	4.43705e-04
14.32	4.43114e-04
14.34	4.42867e-04
14.36	4.42871e-04
14.38	4.42731e-04
14.4	4.42599e-04
14.42	4.41344e-04
14.44	4.40389e-04
14.46	4.39457e-04
14.48	4.39158e-04
14.5	4.38679e-04
14.52	4.38520e-04
14.54	4.38359e-04
14.56	4.37911e-04
14.58	4.37546e-04
14.6	4.37539e-04
14.62	4.36634e-04
14.64	4.36640e-04
14.66	4.36827e-04
14.68	4.36494e-04
14.7	4.36041e-04
14.72	4.35904e-04
14.74	4.35775e-04
14.76	4.35794e-04
14.78	4.34197e-04
14.8	4.33160e-04
14.82	4.32638e-04
14.84	4.32002e-04
14.86	4.31687e-04
14.88	4.31518e-04
14.9	4.31040e-04
14.92	4.30809e-04
14.94	4.30324e-04
14.96	4.30316e-04
14.98	4.29842e-04
15	4.29676e-04
15.02	4.29386e-04
15.04	4.29216e-04
15.06	4.29217e-04
15.08	4.29087e-04
15.1	4.28612e-04
15.12	4.28636e-04
15.14	4.28157e-04
15.16	4.26782e-04
15.18	4.25686e-04
15.2	4.25197e-04
15.22	4.24656e-04
15.24	4.24294e-04
15.26	4.23894e-04
15.28	4.23400e-04
15.3	4.23227e-04
15.32	4.22740e-04
15.34	4.22734e-04
15.36	4.22561e-04
15.38	4.22391e-04
15.4	4.22378e-04
15.42	4.21882e-04
15.44	4.21417e-04
15.46	4.21401e-04
15.48	4.21390e-04
15.5	4.21073e-04
15.52	4.21084e-04
15.54	4.21084e-04
15.56	4.18913e-04
15.58	4.17680e-04
15.6	4.17124e-04
15.62	4.16511e-04
15.64	4.16138e-04
15.66	4.16126e-04
15.68	4.16121e-04
15.7	4.15432e-04
15.72	4.15250e-04
15.74	4.15412e-04
15.76	4.14882e-04
15.78	4.14544e-04
15.8	4.14548e-04
15.82	4.14188e-04
15.84	4.14358e-04
15.86	4.14337e-04
15.88	4.14328e-04
15.9	4.13806e-04
15.92	4.13652e-04
15.94	4.13483e-04
15.96	4.11820e-04
15.98	4.10086e-04
16	4.09625e-04
16.02	4.09414e-04
16.04	4.08899e-04
16.06	4.08300e-04
16.08	4.08127e-04
16.1	4.08098e-04
16.12	4.07889e-04
16.14	4.07859e-04
16.16	4.07529e-04
16.18	4.07341e-04
16.2	4.07130e-04
16.22	4.06935e-04
16.24	4.07113e-04
16.26	4.06719e-04
16.28	4.06562e-04
16.3	4.06536e-04
16.32	4.06357e-04
16.34	4.06526e-04
16.36	4.06135e-04
16.38	4.06152e-04
16.4	4.03796e-04
16.42	4.02578e-04
16.44	4.02166e-04
16.46	4.01753e-04
16.48	4.01169e-04
16.5	4.00979e-04
16.52	4.00790e-04
16.54	4.00581e-04
16.56	4.00548e-04
16.58	4.00507e-04
16.6	4.00109e-04
16.62	4.00096e-04
16.64	3.99712e-04
16.66	3.99522e-04
16.68	3.99487e-04
16.7	3.99652e-04
16.72	3.99618e-04
16.74	3.99245e-04
16.76	3.99239e-04
16.78	3.99015e-04
16.8	3.99108e-04
16.82	3.99281e-04
16.84	3.99066e-04
16.86	3.96323e-04
16.88	3.95494e-04
16.9	3.94872e-04
16.92	3.94285e-04
16.94	3.94048e-04
16.96	3.93998e-04
16.98	3.93763e-04
17	3.93725e-04
17.02	3.93521e-04
17.04	3.93118e-04
17.06	3.92701e-04
17.08	3.92660e-04
17.1	3.92824e-04
17.12	3.92443e-04
17.14	3.92404e-04
17.16	3.92361e-04
17.18	3.92335e-04
17.2	3.92303e-04
17.22	3.91868e-04
17.24	3.91946e-04
17.26	3.92109e-04
17.28	3.92080e-04
17.3	3.92087e-04
17.32	3.92098e-04
17.34	3.88456e-04
17.36	3.87993e-04
17.38	3.87729e-04
17.4	3.87293e-04
17.42	3.86864e-04
17.44	3.86611e-04
17.46	3.86567e-04
17.48	3.86328e-04
17.5	3.86280e-04
17.52	3.86034e-04
17.54	3.86022e-04
17.56	3.85568e-04
17.58	3.85344e-04
17.6	3.85327e-04
17.62	3.85487e-04
17.64	3.85035e-04
17.66	3.85188e-04
17.68	3.85057e-04
17.7	3.84831e-04
17.72	3.84777e-04
17.74	3.84728e-04
17.76	3.84713e-04
17.78	3.84492e-04
17.8	3.84681e-04
17.82	3.84495e-04
17.84	3.81734e-04
17.86	3.80650e-04
17.88	3.80372e-04
17.9	3.79913e-04
17.92	3.79655e-04
17.94	3.79593e-04
17.96	3.79326e-04
17.98	3.79265e-04
18	3.78833e-04
18.02	3.78770e-04
18.04	3.78521e-04
18.06	3.78496e-04
18.08	3.78225e-04
18.1	3.77996e-04
18.12	3.77930e-04
18.14	3.78003e-04
18.16	3.77747e-04
18.18	3.77690e-04
18.2	3.77484e-04
18.22	3.77423e-04
18.24	3.77379e-04
18.26	3.77324e-04
18.28	3.77090e-04
18.3	3.77253e-04
18.32	3.77017e-04
18.34	3.76818e-04
18.36	3.74392e-04
18.38	3.73683e-04
18.4	3.72775e-04
18.42	3.72485e-04
18.44	3.72420e-04
18.46	3.72354e-04
18.48	3.72075e-04
18.5	3.72012e-04
18.52	3.71537e-04
18.54	3.71500e-04
18.56	3.70751e-04
18.58	3.70901e-04
18.6	3.70822e-04
18.62	3.70555e-04
18.64	3.70283e-04
18.66	3.70261e-04
18.68	3.70197e-04
18.7	3.70142e-04
18.72	3.69876e-04
18.74	3.69814e-04
18.76	3.69965e-04
18.78	3.69685e-04
18.8	3.69652e-04
18.82	3.69809e-04
18.84	3.69351e-04
18.86	3.69318e-04
18.88	3.69287e-04
18.9	3.67042e-04
18.92	3.66285e-04
18.94	3.65567e-04
18.96	3.64830e-04
18.98	3.64754e-04
19	3.64679e-04
19.02	3.64514e-04
19.04	3.64216e-04
19.06	3.64144e-04
19.08	3.63902e-04
19.1	3.63197e-04
19.12	3.63116e-04
19.14	3.62864e-04
19.16	3.62590e-04
19.18	3.62733e-04
19.2	3.62660e-04
19.22	3.62378e-04
19.24	3.62532e-04
19.26	3.62453e-04
19.28	3.62187e-04
19.3	3.62110e-04
19.32	3.62263e-04
19.34	3.62192e-04
19.36	3.61727e-04
19.38	3.61658e-04
19.4	3.61607e-04
19.42	3.61533e-04
19.44	3.61478e-04
19.46	3.61448e-04
19.48	3.59029e-04
19.5	3.58043e-04
19.52	3.57514e-04
19.54	3.57430e-04
19.56	3.56886e-04
19.58	3.56573e-04
19.6	3.56487e-04
19.62	3.56443e-04
19.64	3.55966e-04
19.66	3.55435e-04
19.68	3.55584e-04
19.7	3.55059e-04
19.72	3.54771e-04
19.74	3.54687e-04
19.76	3.54600e-04
19.78	3.54746e-04
19.8	3.54892e-04
19.82	3.54810e-04
19.84	3.54510e-04
19.86	3.53995e-04
19.88	3.53943e-04
19.9	3.53892e-04
19.92	3.53800e-04
19.94	3.53954e-04
19.96	3.53575e-04
19.98	3.53267e-04
20	3.53405e-04
20.02	3.53569e-04
20.04	3.53494e-04
20.06	3.53221e-04
20.08	3.50847e-04
20.1	3.50269e-04
20.12	3.49704e-04
20.14	3.49153e-04
20.16	3.48661e-04
20.18	3.48572e-04
20.2	3.47805e-04
20.22	3.47708e-04
20.24	3.47850e-04
20.26	3.47531e-04
20.28	3.47439e-04
20.3	3.47141e-04
20.32	3.46603e-04
20.34	3.46747e-04
20.36	3.46645e-04
20.38	3.46552e-04
20.4	3.46458e-04
20.42	3.46395e-04
20.44	3.46541e-04
20.46	3.45921e-04
20.48	3.45842e-04
20.5	3.45289e-04
20.52	3.45433e-04
20.54	3.45360e-04
20.56	3.45259e-04
20.58	3.45404e-04
20.6	3.45328e-04
20.62	3.45253e-04
20.64	3.45153e-04
20.66	3.45304e-04
20.68	3.45016e-04
20.7	3.44761e-04
20.72	3.41825e-04
20.74	3.41473e-04
20.76	3.41121e-04
20.78	3.40779e-04
20.8	3.40226e-04
20.82	3.40127e-04
20.84	3.40028e-04
20.86	3.39445e-04
20.88	3.39337e-04
20.9	3.39263e-04
20.92	3.38942e-04
20.94	3.38837e-04
20.96	3.38503e-04
20.98	3.38395e-04
21	3.37988e-04
21.02	3.37876e-04
21.04	3.37808e-04
21.06	3.37710e-04
21.08	3.37605e-04
21.1	3.37526e-04
21.12	3.37410e-04
21.14	3.37317e-04
21.16	3.37015e-04
21.18	3.36666e-04
21.2	3.36810e-04
21.22	3.36947e-04
21.24	3.36842e-04
21.26	3.36987e-04
21.28	3.36681e-04
21.3	3.36596e-04
21.32	3.36062e-04
21.34	3.36211e-04
21.36	3.36145e-04
21.38	3.34107e-04
21.4	3.33011e-04
21.42	3.32395e-04
21.44	3.32284e-04
21.46	3.32173e-04
21.48	3.31312e-04
21.5	3.31461e-04
21.52	3.31344e-04
21.54	3.31243e-04
21.56	3.30087e-04
21.58	3.30011e-04
21.6	3.29886e-04
21.62	3.30013e-04
21.64	3.29898e-04
21.66	3.29330e-04
21.68	3.29210e-04
21.7	3.29108e-04
21.72	3.28993e-04
21.74	3.29126e-04
21.76	3.29274e-04
21.78	3.28676e-04
21.8	3.28582e-04
21.82	3.28732e-04
21.84	3.28382e-04
21.86	3.28060e-04
21.88	3.27947e-04
21.9	3.27831e-04
21.92	3.27961e-04
21.94	3.27877e-04
21.96	3.27760e-04
21.98	3.27900e-04
22	3.27812e-04
22.02	3.27454e-04
22.04	3.27107e-04
22.06	3.27033e-04
22.08	3.27182e-04
22.1	3.27348e-04
22.12	3.24985e-04
22.14	3.23991e-04
22.16	3.23607e-04
22.18	3.23223e-04
22.2	3.22381e-04
22.22	3.22250e-04
22.24	3.21893e-04
22.26	3.21796e-04
22.28	3.21417e-04
22.3	3.21034e-04
22.32	3.20948e-04
22.34	3.20816e-04
22.36	3.20957e-04
22.38	3.20585e-04
22.4	3.20464e-04
22.42	3.20332e-04
22.44	3.20219e-04
22.46	3.20095e-04
22.48	3.19543e-04
22.5	3.19677e-04
22.52	3.19289e-04
22.54	3.19412e-04
22.56	3.19556e-04
22.58	3.18961e-04
22.6	3.18848e-04
22.62	3.18983e-04
22.64	3.18596e-04
22.66	3.18726e-04
22.68	3.18853e-04
22.7	3.18494e-04
22.72	3.18629e-04
22.74	3.18525e-04
22.76	3.18309e-04
22.78	3.17683e-04
22.8	3.17821e-04
22.82	3.17957e-04
22.84	3.18102e-04
22.86	3.17760e-04
22.88	3.17930e-04
22.9	3.15766e-04
22.92	3.14559e-04
22.94	3.13948e-04
22.96	3.13274e-04
22.98	3.13139e-04
23	3.12522e-04
23.02	3.12390e-04
23.04	3.12260e-04
23.06	3.11874e-04
23.08	3.11730e-04
23.1	3.11596e-04
23.12	3.11496e-04
23.14	3.11105e-04
23.16	3.11248e-04
23.18	3.10843e-04
23.2	3.10736e-04
23.22	3.10369e-04
23.24	3.10229e-04
23.26	3.10128e-04
23.28	3.09987e-04
23.3	3.09852e-04
23.32	3.09981e-04
23.34	3.09586e-04
23.36	3.09708e-04
23.38	3.09588e-04
23.4	3.09604e-04
23.42	3.09202e-04
23.44	3.09342e-04
23.46	3.08989e-04
23.48	3.08845e-04
23.5	3.08974e-04
23.52	3.09109e-04
23.54	3.09011e-04
23.56	3.08098e-04
23.58	3.08228e-04
23.6	3.08358e-04
23.62	3.08483e-04
23.64	3.08616e-04
23.66	3.08485e-04
23.68	3.08631e-04
23.7	3.08282e-04
23.72	3.06102e-04
23.74	3.04880e-04
23.76	3.04194e-04
23.78	3.03519e-04
23.8	3.03139e-04
23.82	3.02985e-04
23.84	3.02840e-04
23.86	3.02164e-04
23.88	3.02293e-04
23.9	3.02131e-04
23.92	3.01980e-04
23.94	3.01608e-04
23.96	3.01455e-04
23.98	3.01083e-04
24	3.00684e-04
24.02	3.00812e-04
24.04	3.00676e-04
24.06	3.00522e-04
24.08	3.00528e-04
24.1	3.00110e-04
24.12	3.00232e-04
24.14	3.00360e-04
24.16	3.00230e-04
24.18	3.00071e-04
24.2	2.99956e-04
24.22	2.99813e-04
24.24	2.98909e-04
24.26	2.99031e-04
24.28	2.99154e-04
24.3	2.99283e-04
24.32	2.99124e-04
24.34	2.99255e-04
24.36	2.99126e-04
24.38	2.98984e-04
24.4	2.98567e-04
24.42	2.98687e-04
24.44	2.98807e-04
24.46	2.98693e-04
24.48	2.98577e-04
24.5	2.98431e-04
24.52	2.98326e-04
24.54	2.98195e-04
24.56	2.98336e-04
24.58	2.98501e-04
24.6	2.95117e-04
24.62	2.94386e-04
24.64	2.93947e-04
24.66	2.93505e-04
24.68	2.93348e-04
24.7	2.92921e-04
24.72	2.92247e-04
24.74	2.92118e-04
24.76	2.91953e-04
24.78	2.91963e-04
24.8	2.91532e-04
24.82	2.91128e-04
24.84	2.90962e-04
24.86	2.91083e-04
24.88	2.90919e-04
24.9	2.90766e-04
24.92	2.90601e-04
24.94	2.90726e-04
24.96	2.90578e-04
24.98	2.90415e-04
25	2.90029e-04
25.02	2.89889e-04
25.04	2.89724e-04
25.06	2.89590e-04
25.08	2.89446e-04
25.1	2.89298e-04
25.12	2.89121e-04
25.14	2.89232e-04
25.16	2.89354e-04
25.18	2.89476e-04
25.2	2.89310e-04
25.22	2.89429e-04
25.24	2.89559e-04
25.26	2.88649e-04
25.28	2.88212e-04
25.3	2.88335e-04
25.32	2.88192e-04
25.34	2.88308e-04
25.36	2.88433e-04
25.38	2.88270e-04
25.4	2.88390e-04
25.42	2.88514e-04
25.44	2.88369e-04
25.46	2.88503e-04
25.48	2.88358e-04
25.5	2.87973e-04
25.52	2.85245e-04
25.54	2.84206e-04
25.56	2.83493e-04
25.58	2.83032e-04
25.6	2.82581e-04
25.62	2.82129e-04
25.64	2.81949e-04
25.66	2.82071e-04
25.68	2.81898e-04
25.7	2.81728e-04
25.72	2.81584e-04
25.74	2.80860e-04
25.76	2.80973e-04
25.78	2.80543e-04
25.8	2.80381e-04
25.82	2.80235e-04
25.84	2.80065e-04
25.86	2.80190e-04
25.88	2.80024e-04
25.9	2.79841e-04
25.92	2.79953e-04
25.94	2.80069e-04
25.96	2.79622e-04
25.98	2.79739e-04
26	2.79314e-04
26.02	2.79151e-04
26.04	2.78713e-04
26.06	2.78827e-04
26.08	2.78685e-04
26.1	2.78798e-04
26.12	2.78625e-04
26.14	2.78739e-04
26.16	2.78853e-04
26.18	2.78972e-04
26.2	2.78243e-04
26.22	2.78077e-04
26.24	2.78191e-04
26.26	2.78042e-04
26.28	2.78156e-04
26.3	2.78144e-04
26.32	2.77966e-04
26.34	2.77821e-04
26.36	2.77939e-04
26.38	2.77765e-04
26.4	2.77883e-04
26.42	2.77707e-04
26.44	2.77834e-04
26.46	2.77395e-04
26.48	2.77510e-04
26.5	2.77626e-04
26.52	2.77482e-04
26.54	2.77612e-04
26.56	2.77163e-04
26.58	2.77293e-04
26.6	2.77171e-04
26.62	2.76268e-04
26.64	2.73984e-04
26.66	2.73202e-04
26.68	2.72741e-04
26.7	2.72289e-04
26.72	2.71833e-04
26.74	2.71645e-04
26.76	2.71178e-04
26.78	2.70728e-04
26.8	2.70835e-04
26.82	2.70653e-04
26.84	2.70477e-04
26.86	2.70034e-04
26.88	2.70143e-04
26.9	2.69951e-04
26.92	2.70064e-04
26.94	2.69897e-04
26.96	2.69708e-04
26.98	2.69273e-04
27	2.69093e-04
27.02	2.68906e-04
27.04	2.68751e-04
27.06	2.68859e-04
27.08	2.68670e-04
27.1	2.68780e-04
27.12	2.68755e-04
27.14	2.68869e-04
27.16	2.68677e-04
27.18	2.68495e-04
27.2	2.68334e-04
27.22	2.68164e-04
27.24	2.67977e-04
27.26	2.67809e-04
27.28	2.67913e-04
27.3	2.68025e-04
27.32	2.67867e-04
27.34	2.67676e-04
27.36	2.67496e-04
27.38	2.67608e-04
27.4	2.67720e-04
27.42	2.67829e-04
27.44	2.67639e-04
27.46	2.67470e-04
27.48	2.67299e-04
27.5	2.67404e-04
27.52	2.67243e-04
27.54	2.67356e-04
27.56	2.66905e-04
27.58	2.66717e-04
27.6	2.66830e-04
27.62	2.66946e-04
27.64	2.67056e-04
27.66	2.67168e-04
27.68	2.66990e-04
27.7	2.67099e-04
27.72	2.66934e-04
27.74	2.66780e-04
27.76	2.66904e-04
27.78	2.67044e-04
27.8	2.66669e-04
27.82	2.62642e-04
27.84	2.62143e-04
27.86	2.61643e-04
27.88	2.61451e-04
27.9	2.61255e-04
27.92	2.61060e-04
27.94	2.60867e-04
27.96	2.60985e-04
27.98	2.60197e-04
28	2.60002e-04
28.02	2.59545e-04
28.04	2.59347e-04
28.06	2.59313e-04
28.08	2.59151e-04
28.1	2.58947e-04
28.12	2.59052e-04
28.14	2.58556e-04
28.16	2.58662e-04
28.18	2.58768e-04
28.2	2.58569e-04
28.22	2.58675e-04
28.24	2.58783e-04
28.26	2.58611e-04
28.28	2.58116e-04
28.3	2.58230e-04
28.32	2.57754e-04
28.34	2.57280e-04
28.36	2.57381e-04
28.38	2.57479e-04
28.4	2.57580e-04
28.42	2.57687e-04
28.44	2.57481e-04
28.46	2.57588e-04
28.48	2.57696e-04
28.5	2.57810e-04
28.52	2.57625e-04
28.54	2.57135e-04
28.56	2.56945e-04
28.58	2.56775e-04
28.6	2.56602e-04
28.62	2.56708e-04
28.64	2.56502e-04
28.66	2.56602e-04
28.68	2.56703e-04
28.7	2.56813e-04
28.72	2.56621e-04
28.74	2.56735e-04
28.76	2.56525e-04
28.78	2.56631e-04
28.8	2.56745e-04
28.82	2.56281e-04
28.84	2.56105e-04
28.86	2.56215e-04
28.88	2.55739e-04
28.9	2.55840e-04
28.92	2.55945e-04
28.94	2.55759e-04
28.96	2.55866e-04
28.98	2.55973e-04
29	2.56098e-04
29.02	2.55916e-04
29.04	2.55905e-04
29.06	2.56076e-04
29.08	2.52861e-04
29.1	2.51741e-04
29.12	2.51548e-04
29.14	2.50738e-04
29.16	2.50253e-04
29.18	2.49442e-04
29.2	2.49546e-04
29.22	2.49327e-04
29.24	2.49121e-04
29.26	2.49220e-04
29.28	2.49014e-04
29.3	2.49115e-04
29.32	2.48906e-04
29.34	2.48711e-04
29.36	2.48502e-04
29.38	2.48612e-04
29.4	2.48418e-04
29.42	2.47928e-04
29.44	2.47438e-04
29.46	2.47535e-04
29.48	2.47320e-04
29.5	2.47420e-04
29.52	2.47526e-04
29.54	2.47007e-04
29.56	2.47113e-04
29.58	2.47209e-04
29.6	2.47311e-04
29.62	2.47102e-04
29.64	2.47199e-04
29.66	2.47306e-04
29.68	2.47124e-04
29.7	2.46636e-04
29.72	2.46435e-04
29.74	2.45930e-04
29.76	2.46023e-04
29.78	2.46124e-04
29.8	2.46231e-04
29.82	2.46009e-04
29.84	2.46108e-04
29.86	2.46207e-04
29.88	2.46308e-04
29.9	2.46130e-04
29.92	2.45920e-04
29.94	2.45716e-04
29.96	2.45816e-04
29.98	2.45619e-04
30	2.45433e-04
30.02	2.45242e-04
30.04	2.45022e-04
30.06	2.45119e-04
30.08	2.45219e-04
30.1	2.45182e-04
30.12	2.45287e-04
30.14	2.45388e-04
30.16	2.45181e-04
30.18	2.44960e-04
30.2	2.45061e-04
30.22	2.45164e-04
30.24	2.45271e-04
30.26	2.45375e-04
30.28	2.45183e-04
30.3	2.45006e-04
30.32	2.44504e-04
30.34	2.44618e-04
30.36	2.44736e-04
30.38	2.44852e-04
30.4	2.44986e-04
30.42	2.42704e-04
30.44	2.41204e-04
30.46	2.40675e-04
30.48	2.39820e-04
30.5	2.39605e-04
30.52	2.39385e-04
30.54	2.39164e-04
30.56	2.39279e-04
30.58	2.38463e-04
30.6	2.38241e-04
30.62	2.38345e-04
30.64	2.37517e-04
30.66	2.37619e-04
30.68	2.37087e-04
30.7	2.37185e-04
30.72	2.36963e-04
30.74	2.37062e-04
30.76	2.37156e-04
30.78	2.36931e-04
30.8	2.37025e-04
30.82	2.36523e-04
30.84	2.36301e-04
30.86	2.36392e-04
30.88	2.36488e-04
30.9	2.36289e-04
30.92	2.36068e-04
30.94	2.35877e-04
30.96	2.35664e-04
30.98	2.35765e-04
31	2.35535e-04
31.02	2.35639e-04
31.04	2.35121e-04
31.06	2.35212e-04
31.08	2.34988e-04
31.1	2.35085e-04
31.12	2.35174e-04
31.14	2.35269e-04
31.16	2.35367e-04
31.18	2.35148e-04
31.2	2.35248e-04
31.22	2.34901e-04
31.24	2.34085e-04
31.26	2.34177e-04
31.28	2.34270e-04
31.3	2.34040e-04
31.32	2.34132e-04
31.34	2.34222e-04
31.36	2.34314e-04
31.38	2.34405e-04
31.4	2.34506e-04
31.42	2.34279e-04
31.44	2.34379e-04
31.46	2.34475e-04
31.48	2.34259e-04
31.5	2.34355e-04
31.52	2.34164e-04
31.54	2.33633e-04
31.56	2.33423e-04
31.58	2.33510e-04
31.6	2.33602e-04
31.62	2.33698e-04
31.64	2.33799e-04
31.66	2.33889e-04
31.68	2.33996e-04
31.7	2.33772e-04
31.72	2.33875e-04
31.74	2.33660e-04
31.76	2.33759e-04
31.78	2.33873e-04
31.8	2.33684e-04
31.82	2.33799e-04
31.84	2.33925e-04
31.86	2.33440e-04
31.88	2.30098e-04
31.9	2.29216e-04
31.92	2.28660e-04
31.94	2.28435e-04
31.96	2.28202e-04
31.98	2.27975e-04
32	2.27434e-04
32.02	2.27223e-04
32.04	2.26679e-04
32.06	2.26446e-04
32.08	2.26543e-04
32.1	2.26310e-04
32.12	2.26400e-04
32.14	2.26163e-04
32.16	2.26256e-04
32.18	2.26053e-04
32.2	2.25819e-04
32.22	2.25297e-04
32.24	2.24761e-04
32.26	2.24854e-04
32.28	2.24628e-04
32.3	2.24722e-04
32.32	2.24479e-04
32.34	2.24568e-04
32.36	2.24662e-04
32.38	2.24427e-04
32.4	2.24363e-04
32.42	2.24134e-04
32.44	2.24225e-04
32.46	2.23988e-04
32.48	2.24083e-04
32.5	2.24171e-04
32.52	2.23961e-04
32.54	2.23749e-04
32.56	2.23513e-04
32.58	2.23288e-04
32.6	2.23374e-04
32.62	2.23461e-04
32.64	2.23242e-04
32.66	2.22993e-04
32.68	2.23077e-04
32.7	2.23164e-04
32.72	2.23253e-04
32.74	2.23350e-04
32.76	2.23109e-04
32.78	2.23198e-04
32.8	2.23289e-04
32.82	2.23383e-04
32.84	2.23476e-04
32.86	2.23268e-04
32.88	2.22408e-04
32.9	2.22175e-04
32.92	2.22261e-04
32.94	2.22346e-04
32.96	2.22436e-04
32.98	2.22529e-04
33	2.22621e-04
33.02	2.22382e-04
33.04	2.22468e-04
33.06	2.22555e-04
33.08	2.22647e-04
33.1	2.22736e-04
33.12	2.22828e-04
33.14	2.22610e-04
33.16	2.22400e-04
33.18	2.22159e-04
33.2	2.22257e-04
33.22	2.21719e-04
33.24	2.21812e-04
33.26	2.21902e-04
33.28	2.21993e-04
33.3	2.22083e-04
33.32	2.22184e-04
33.34	2.21949e-04
33.36	2.22061e-04
33.38	2.22169e-04
33.4	2.22285e-04
33.42	2.21772e-04
33.44	2.21921e-04
33.46	2.18791e-04
33.48	2.17887e-04
33.5	2.17668e-04
33.52	2.16760e-04
33.54	2.16520e-04
33.56	2.15964e-04
33.58	2.15404e-04
33.6	2.15503e-04
33.62	2.15260e-04
33.64	2.15353e-04
33.66	2.14795e-04
33.68	2.14556e-04
33.7	2.13995e-04
33.72	2.14090e-04
33.74	2.13835e-04
33.76	2.13923e-04
33.78	2.13672e-04
33.8	2.13759e-04
33.82	2.13850e-04
33.84	2.13604e-04
33.86	2.13536e-04
33.88	2.13622e-04
33.9	2.13395e-04
33.92	2.12516e-04
33.94	2.12600e-04
33.96	2.12688e-04
33.98	2.12435e-04
34	2.12203e-04
34.02	2.12290e-04
34.04	2.12374e-04
34.06	2.12122e-04
34.08	2.12206e-04
34.1	2.12289e-04
34.12	2.12377e-04
34.14	2.12134e-04
34.16	2.11880e-04
34.18	2.11962e-04
34.2	2.12048e-04
34.22	2.12134e-04
34.24	2.12231e-04
34.26	2.11674e-04
34.28	2.11437e-04
34.3	2.11519e-04
34.32	2.11611e-04
34.34	2.11375e-04
34.36	2.11464e-04
34.38	2.10876e-04
34.4	2.10956e-04
34.42	2.11043e-04
34.44	2.11126e-04
34.46	2.11206e-04
34.48	2.11297e-04
34.5	2.11048e-04
34.52	2.11126e-04
34.54	2.11212e-04
34.56	2.11294e-04
34.58	2.11383e-04
34.6	2.11157e-04
34.62	2.11252e-04
34.64	2.10361e-04
34.66	2.10449e-04
34.68	2.10205e-04
34.7	2.10291e-04
34.72	2.10370e-04
34.74	2.10454e-04
34.76	2.10538e-04
34.78	2.10290e-04
34.8	2.10372e-04
34.82	2.10458e-04
34.84	2.10544e-04
34.86	2.10630e-04
34.88	2.10715e-04
34.9	2.10496e-04
34.92	2.10255e-04
34.94	2.10348e-04
34.96	2.10098e-04
34.98	2.10191e-04
35	2.10285e-04
35.02	2.09734e-04
35.04	2.09823e-04
35.06	2.09924e-04
35.08	2.10025e-04
35.1	2.10133e-04
35.12	2.10255e-04
35.14	2.10067e-04
35.16	2.06864e-04
35.18	2.06289e-04
35.2	2.05380e-04
35.22	2.04804e-04
35.24	2.04200e-04
35.26	2.04296e-04
35.28	2.04039e-04
35.3	2.03784e-04
35.32	2.03536e-04
35.34	2.03282e-04
35.36	2.03025e-04
35.38	2.03115e-04
35.4	2.02212e-04
35.42	2.02294e-04
35.44	2.01878e-04
35.46	2.01967e-04
35.48	2.02051e-04
35.5	2.01791e-04
35.52	2.01877e-04
35.54	2.01300e-04
35.56	2.01037e-04
35.58	2.01113e-04
35.6	2.01194e-04
35.62	2.00927e-04
35.64	2.01004e-04
35.66	2.01092e-04
35.68	2.01177e-04
35.7	2.00916e-04
35.72	2.00994e-04
35.74	2.01076e-04
35.76	2.01172e-04
35.78	1.99934e-04
35.8	2.00006e-04
35.82	2.00085e-04
35.84	2.00161e-04
35.86	2.00254e-04
35.88	1.99659e-04
35.9	1.99735e-04
35.92	1.99811e-04
35.94	1.99890e-04
35.96	1.99971e-04
35.98	1.99711e-04
36	1.99790e-04
36.02	1.99536e-04
36.04	1.99611e-04
36.06	1.99694e-04
36.08	1.99771e-04
36.1	1.99512e-04
36.12	1.99596e-04
36.14	1.99351e-04
36.16	1.99442e-04
36.18	1.99190e-04
36.2	1.99272e-04
36.22	1.99032e-04
36.24	1.98762e-04
36.26	1.98841e-04
36.28	1.98924e-04
36.3	1.98664e-04
36.32	1.98743e-04
36.34	1.98816e-04
36.36	1.98898e-04
36.38	1.98633e-04
36.4	1.98716e-04
36.42	1.98790e-04
36.44	1.98867e-04
36.46	1.98951e-04
36.48	1.99041e-04
36.5	1.98797e-04
36.52	1.98537e-04
36.54	1.98617e-04
36.56	1.98712e-04
36.58	1.98127e-04
36.6	1.97874e-04
36.62	1.97951e-04
36.64	1.98034e-04
36.66	1.98113e-04
36.68	1.98196e-04
36.7	1.97933e-04
36.72	1.98009e-04
36.74	1.98090e-04
36.76	1.98169e-04
36.78	1.98250e-04
36.8	1.98336e-04
36.82	1.98101e-04
36.84	1.98188e-04
36.86	1.98284e-04
36.88	1.97705e-04
36.9	1.97801e-04
36.92	1.97899e-04
36.94	1.98006e-04
36.96	1.98121e-04
36.98	1.96702e-04
37	1.94335e-04
37.02	1.93373e-04
37.04	1.93115e-04
37.06	1.92853e-04
37.08	1.92256e-04
37.1	1.91991e-04
37.12	1.91723e-04
37.14	1.91286e-04
37.16	1.91373e-04
37.18	1.91099e-04
37.2	1.91193e-04
37.22	1.90580e-04
37.24	1.90664e-04
37.26	1.90384e-04
37.28	1.90468e-04
37.3	1.89859e-04
37.32	1.89936e-04
37.34	1.90021e-04
37.36	1.89748e-04
37.38	1.89170e-04
37.4	1.89241e-04
37.42	1.88971e-04
37.44	1.89048e-04
37.46	1.89123e-04
37.48	1.88849e-04
37.5	1.88924e-04
37.52	1.89001e-04
37.54	1.88748e-04
37.56	1.88138e-04
37.58	1.88208e-04
37.6	1.88281e-04
37.62	1.88357e-04
37.64	1.88438e-04
37.66	1.88154e-04
37.68	1.88227e-04
37.7	1.88300e-04
37.72	1.88378e-04
37.74	1.88110e-04
37.76	1.88188e-04
37.78	1.88277e-04
37.8	1.87346e-04
37.82	1.87421e-04
37.84	1.87499e-04
37.86	1.87220e-04
37.88	1.87287e-04
37.9	1.87363e-04
37.92	1.87107e-04
37.94	1.87172e-04
37.96	1.87249e-04
37.98	1.86975e-04
38	1.87053e-04
38.02	1.87126e-04
38.04	1.87201e-04
38.06	1.87280e-04
38.08	1.87006e-04
38.1	1.86732e-04
38.12	1.86805e-04
38.14	1.86875e-04
38.16	1.86953e-04
38.18	1.87032e-04
38.2	1.86774e-04
38.22	1.86858e-04
38.24	1.86608e-04
38.26	1.86324e-04
38.28	1.86397e-04
38.3	1.86477e-04
38.32	1.86211e-04
38.34	1.86285e-04
38.36	1.86020e-04
38.38	1.86094e-04
38.4	1.85819e-04
38.42	1.85888e-04
38.44	1.85962e-04
38.46	1.86032e-04
38.48	1.86108e-04
38.5	1.86183e-04
38.52	1.86254e-04
38.54	1.86335e-04
38.56	1.86416e-04
38.58	1.85812e-04
38.6	1.85884e-04
38.62	1.85959e-04
38.64	1.86039e-04
38.66	1.86131e-04
38.68	1.85526e-04
38.7	1.85606e-04
38.72	1.85346e-04
38.74	1.85419e-04
38.76	1.85500e-04
38.78	1.85223e-04
38.8	1.85298e-04
38.82	1.85374e-04
38.84	1.85454e-04
38.86	1.85539e-04
38.88	1.85634e-04
38.9	1.85729e-04
38.92	1.85825e-04
38.94	1.85773e-04
38.96	1.85922e-04
38.98	1.82592e-04
39	1.81616e-04
39.02	1.81006e-04
39.04	1.80368e-04
39.06	1.80090e-04
39.08	1.79816e-04
39.1	1.79913e-04
39.12	1.79297e-04
39.14	1.78679e-04
39.16	1.78761e-04
39.18	1.78475e-04
39.2	1.78205e-04
39.22	1.77917e-04
39.24	1.77992e-04
39.26	1.77705e-04
39.28	1.77775e-04
39.3	1.77496e-04
39.32	1.77573e-04
39.34	1.77646e-04
39.36	1.77364e-04
39.38	1.77092e-04
39.4	1.77166e-04
39.42	1.76883e-04
39.44	1.76606e-04
39.46	1.76674e-04
39.48	1.76751e-04
39.5	1.76465e-04
39.52	1.76537e-04
39.54	1.76608e-04
39.56	1.76355e-04
39.58	1.75727e-04
39.6	1.75797e-04
39.62	1.75866e-04
39.64	1.75936e-04
39.66	1.75654e-04
39.68	1.75724e-04
39.7	1.75445e-04
39.72	1.75513e-04
39.74	1.75594e-04
39.76	1.74963e-04
39.78	1.75028e-04
39.8	1.75097e-04
39.82	1.75163e-04
39.84	1.75228e-04
39.86	1.75305e-04
39.88	1.75017e-04
39.9	1.75082e-04
39.92	1.75146e-04
39.94	1.75217e-04
39.96	1.75298e-04
39.98	1.75027e-04
40	1.74743e-04
40.02	1.74477e-04
40.04	1.74204e-04
40.06	1.74271e-04
40.08	1.74336e-04
40.1	1.74406e-04
40.12	1.74478e-04
40.14	1.74192e-04
40.16	1.73919e-04
40.18	1.73987e-04
40.2	1.74054e-04
40.22	1.74119e-04
40.24	1.74190e-04
40.26	1.74265e-04
40.28	1.73626e-04
40.3	1.73692e-04
40.32	1.73762e-04
40.34	1.73823e-04
40.36	1.73889e-04
40.38	1.73962e-04
40.4	1.74032e-04
40.42	1.74109e-04
40.44	1.73824e-04
40.46	1.73556e-04
40.48	1.73621e-04
40.5	1.73698e-04
40.52	1.73425e-04
40.54	1.73493e-04
40.56	1.73564e-04
40.58	1.73292e-04
40.6	1.73375e-04
40.62	1.72734e-04
40.64	1.72798e-04
40.66	1.72864e-04
40.68	1.72935e-04
40.7	1.73000e-04
40.72	1.73066e-04
40.74	1.73129e-04
40.76	1.73198e-04
40.78	1.73271e-04
40.8	1.72991e-04
40.82	1.73058e-04
40.84	1.73130e-04
40.86	1.73202e-04
40.88	1.73276e-04
40.9	1.73027e-04
40.92	1.73099e-04
40.94	1.73180e-04
40.96	1.72906e-04
40.98	1.72987e-04
41	1.72733e-04
41.02	1.72476e-04
41.04	1.72211e-04
41.06	1.72293e-04
41.08	1.72388e-04
41.1	1.72494e-04
41.12	1.70948e-04
41.14	1.69215e-04
41.16	1.68568e-04
41.18	1.67920e-04
41.2	1.67640e-04
41.22	1.67357e-04
41.24	1.66717e-04
41.26	1.66794e-04
41.28	1.66499e-04
41.3	1.66211e-04
41.32	1.66287e-04
41.34	1.65641e-04
41.36	1.65709e-04
41.38	1.65416e-04
41.4	1.65488e-04
41.42	1.65197e-04
41.44	1.65266e-04
41.46	1.65342e-04
41.48	1.65067e-04
41.5	1.64079e-04
41.52	1.64152e-04
41.54	1.63849e-04
41.56	1.63910e-04
41.58	1.63975e-04
41.6	1.63679e-04
41.62	1.63747e-04
41.64	1.63812e-04
41.66	1.63885e-04
41.68	1.63584e-04
41.7	1.63652e-04
41.72	1.63371e-04
41.74	1.63445e-04
41.76	1.62789e-04
41.78	1.62850e-04
41.8	1.62912e-04
41.82	1.62976e-04
41.84	1.62685e-04
41.86	1.62749e-04
41.88	1.62810e-04
41.9	1.62868e-04
41.92	1.62936e-04
41.94	1.63011e-04
41.96	1.62711e-04
41.98	1.62439e-04
42	1.62154e-04
42.02	1.62218e-04
42.04	1.62301e-04
42.06	1.61644e-04
42.08	1.61703e-04
42.1	1.61762e-04
42.12	1.61824e-04
42.14	1.61540e-04
42.16	1.61603e-04
42.18	1.61307e-04
42.2	1.61365e-04
42.22	1.61430e-04
42.24	1.61490e-04
42.26	1.61553e-04
42.28	1.61614e-04
42.3	1.61678e-04
42.32	1.61382e-04
42.34	1.61448e-04
42.36	1.61159e-04
42.38	1.61219e-04
42.4	1.61281e-04
42.42	1.61345e-04
42.44	1.61411e-04
42.46	1.61481e-04
42.48	1.61190e-04
42.5	1.60559e-04
42.52	1.60623e-04
42.54	1.60682e-04
42.56	1.60743e-04
42.58	1.60812e-04
42.6	1.60520e-04
42.62	1.60587e-04
42.64	1.60289e-04
42.66	1.60351e-04
42.68	1.60419e-04
42.7	1.60124e-04
42.72	1.60183e-04
42.74	1.60241e-04
42.76	1.60296e-04
42.78	1.60359e-04
42.8	1.60427e-04
42.82	1.60131e-04
42.84	1.60192e-04
42.86	1.60252e-04
42.88	1.60312e-04
42.9	1.60376e-04
42.92	1.60437e-04
42.94	1.60498e-04
42.96	1.60565e-04
42.98	1.60640e-04
43	1.60219e-04
43.02	1.59577e-04
43.04	1.59648e-04
43.06	1.58997e-04
43.08	1.59057e-04
43.1	1.59113e-04
43.12	1.59176e-04
43.14	1.59240e-04
43.16	1.59294e-04
43.18	1.59361e-04
43.2	1.59425e-04
43.22	1.59494e-04
43.24	1.59192e-04
43.26	1.59248e-04
43.28	1.59316e-04
43.3	1.59376e-04
43.32	1.59434e-04
43.34	1.59501e-04
43.36	1.59567e-04
43.38	1.59630e-04
43.4	1.59698e-04
43.42	1.59771e-04
43.44	1.59488e-04
43.46	1.59202e-04
43.48	1.59267e-04
43.5	1.59339e-04
43.52	1.59410e-04
43.54	1.59495e-04
43.56	1.58879e-04
43.58	1.58965e-04
43.6	1.59051e-04
43.62	1.59148e-04
43.64	1.59304e-04
43.66	1.56191e-04
43.68	1.55155e-04
43.7	1.54871e-04
43.72	1.54214e-04
43.74	1.53913e-04
43.76	1.53613e-04
43.78	1.53310e-04
43.8	1.53011e-04
43.82	1.53082e-04
43.84	1.52782e-04
43.86	1.52496e-04
43.88	1.52183e-04
43.9	1.52253e-04
43.92	1.51944e-04
43.94	1.52007e-04
43.96	1.51708e-04
43.98	1.51413e-04
44	1.51477e-04
44.02	1.51170e-04
44.04	1.51235e-04
44.06	1.51301e-04
44.08	1.50642e-04
44.1	1.50701e-04
44.12	1.50411e-04
44.14	1.50107e-04
44.16	1.50168e-04
44.18	1.50227e-04
44.2	1.50285e-04
44.22	1.49982e-04
44.24	1.50044e-04
44.26	1.50106e-04
44.28	1.49818e-04
44.3	1.49522e-04
44.32	1.49204e-04
44.34	1.49260e-04
44.36	1.49316e-04
44.38	1.49379e-04
44.4	1.49439e-04
44.42	1.49125e-04
44.44	1.49182e-04
44.46	1.49236e-04
44.48	1.49294e-04
44.5	1.49359e-04
44.52	1.49052e-04
44.54	1.49109e-04
44.56	1.49170e-04
44.58	1.49232e-04
44.6	1.48934e-04
44.62	1.49008e-04
44.64	1.48336e-04
44.66	1.48390e-04
44.68	1.48457e-04
44.7	1.48160e-04
44.72	1.48218e-04
44.74	1.48281e-04
44.76	1.47617e-04
44.78	1.47672e-04
44.8	1.47727e-04
44.82	1.47781e-04
44.84	1.47837e-04
44.86	1.47889e-04
44.88	1.47948e-04
44.9	1.48020e-04
44.92	1.47705e-04
44.94	1.47767e-04
44.96	1.47457e-04
44.98	1.47511e-04
45	1.47565e-04
45.02	1.47623e-04
45.04	1.47678e-04
45.06	1.47742e-04
45.08	1.47428e-04
45.1	1.47483e-04
45.12	1.47542e-04
45.14	1.47598e-04
45.16	1.47656e-04
45.18	1.47716e-04
45.2	1.47424e-04
45.22	1.47487e-04
45.24	1.47185e-04
45.26	1.46382e-04
45.28	1.46436e-04
45.3	1.46496e-04
45.32	1.46191e-04
45.34	1.46247e-04
45.36	1.46298e-04
45.38	1.46355e-04
45.4	1.46409e-04
45.42	1.46468e-04
45.44	1.46158e-04
45.46	1.46208e-04
45.48	1.46263e-04
45.5	1.46319e-04
45.52	1.46373e-04
45.54	1.46426e-04
45.56	1.46483e-04
45.58	1.46536e-04
45.6	1.46595e-04
45.62	1.46657e-04
45.64	1.46348e-04
45.66	1.46405e-04
45.68	1.46464e-04
45.7	1.46527e-04
45.72	1.46223e-04
45.74	1.46280e-04
45.76	1.46341e-04
45.78	1.46046e-04
45.8	1.45745e-04
45.82	1.45799e-04
45.84	1.45856e-04
45.86	1.45924e-04
45.88	1.45608e-04
45.9	1.45661e-04
45.92	1.45716e-04
45.94	1.45772e-04
45.96	1.45824e-04
45.98	1.45881e-04
46	1.45940e-04
46.02	1.45999e-04
46.04	1.46057e-04
46.06	1.46115e-04
46.08	1.46175e-04
46.1	1.46236e-04
46.12	1.45934e-04
46.14	1.46002e-04
46.16	1.45694e-04
46.18	1.45754e-04
46.2	1.45815e-04
46.22	1.45873e-04
46.24	1.45937e-04
46.26	1.46003e-04
46.28	1.46076e-04
46.3	1.46155e-04
46.32	1.46233e-04
46.34	1.45960e-04
46.36	1.46049e-04
46.38	1.45780e-04
46.4	1.45929e-04
46.42	1.42408e-04
46.44	1.41731e-04
46.46	1.41049e-04
46.48	1.40746e-04
46.5	1.40439e-04
46.52	1.40128e-04
46.54	1.39814e-04
46.56	1.39886e-04
46.58	1.39566e-04
46.6	1.39266e-04
46.62	1.38958e-04
46.64	1.38645e-04
46.66	1.38707e-04
46.68	1.38029e-04
46.7	1.38084e-04
46.72	1.38143e-04
46.74	1.37822e-04
46.76	1.37877e-04
46.78	1.37939e-04
46.8	1.37615e-04
46.82	1.37672e-04
46.84	1.37733e-04
46.86	1.37412e-04
46.88	1.37470e-04
46.9	1.37525e-04
46.92	1.37596e-04
46.94	1.36912e-04
46.96	1.36969e-04
46.98	1.37032e-04
47	1.36725e-04
47.02	1.36402e-04
47.04	1.36460e-04
47.06	1.36157e-04
47.08	1.36217e-04
47.1	1.35540e-04
47.12	1.35588e-04
47.14	1.35637e-04
47.16	1.35689e-04
47.18	1.35739e-04
47.2	1.35802e-04
47.22	1.35478e-04
47.24	1.35530e-04
47.26	1.35583e-04
47.28	1.35632e-04
47.3	1.35688e-04
47.32	1.35380e-04
47.34	1.35059e-04
47.36	1.35108e-04
47.38	1.35160e-04
47.4	1.35210e-04
47.42	1.35264e-04
47.44	1.35326e-04
47.46	1.34999e-04
47.48	1.35051e-04
47.5	1.35102e-04
47.52	1.35154e-04
47.54	1.35214e-04
47.56	1.34908e-04
47.58	1.34969e-04
47.6	1.34647e-04
47.62	1.34708e-04
47.64	1.34392e-04
47.66	1.34444e-04
47.68	1.34500e-04
47.7	1.34189e-04
47.72	1.33732e-04
47.74	1.33409e-04
47.76	1.33453e-04
47.78	1.33507e-04
47.8	1.33553e-04
47.82	1.33602e-04
47.84	1.33648e-04
47.86	1.33700e-04
47.88	1.33751e-04
47.9	1.33811e-04
47.92	1.33486e-04
47.94	1.33531e-04
47.96	1.33583e-04
47.98	1.33632e-04
48	1.33681e-04
48.02	1.33733e-04
48.04	1.33785e-04
48.06	1.33839e-04
48.08	1.33906e-04
48.1	1.33214e-04
48.12	1.33266e-04
48.14	1.33315e-04
48.16	1.33370e-04
48.18	1.33428e-04
48.2	1.33114e-04
48.22	1.32802e-04
48.24	1.32851e-04
48.26	1.32900e-04
48.28	1.32953e-04
48.3	1.32631e-04
48.32	1.32680e-04
48.34	1.32727e-04
48.36	1.32776e-04
48.38	1.32828e-04
48.4	1.32876e-04
48.42	1.32926e-04
48.44	1.32980e-04
48.46	1.33032e-04
48.48	1.33081e-04
48.5	1.33143e-04
48.52	1.32453e-04
48.54	1.32499e-04
48.56	1.32551e-04
48.58	1.32599e-04
48.6	1.32650e-04
48.62	1.32699e-04
48.64	1.32748e-04
48.66	1.32796e-04
48.68	1.32849e-04
48.7	1.32898e-04
48.72	1.32953e-04
48.74	1.33008e-04
48.76	1.32693e-04
48.78	1.32751e-04
48.8	1.32434e-04
48.82	1.32483e-04
48.84	1.32535e-04
48.86	1.32586e-04
48.88	1.32642e-04
48.9	1.32333e-04
48.92	1.32386e-04
48.94	1.32443e-04
48.96	1.32500e-04
48.98	1.32178e-04
49	1.32232e-04
49.02	1.31917e-04
49.04	1.31969e-04
49.06	1.32018e-04
49.08	1.32068e-04
49.1	1.32121e-04
49.12	1.32171e-04
49.14	1.32223e-04
49.16	1.32277e-04
49.18	1.32328e-04
49.2	1.32387e-04
49.22	1.32443e-04
49.24	1.32500e-04
49.26	1.32556e-04
49.28	1.32621e-04
49.3	1.32695e-04
49.32	1.32389e-04
49.34	1.32463e-04
49.36	1.32540e-04
49.38	1.32616e-04
49.4	1.32706e-04
49.42	1.32821e-04
49.44	1.30046e-04
49.46	1.28611e-04
49.48	1.27919e-04
49.5	1.27609e-04
49.52	1.27294e-04
49.54	1.26975e-04
49.56	1.26656e-04
49.58	1.26333e-04
49.6	1.26018e-04
49.62	1.25716e-04
49.64	1.25017e-04
49.66	1.25070e-04
49.68	1.24745e-04
49.7	1.24799e-04
49.72	1.24855e-04
49.74	1.24520e-04
49.76	1.24574e-04
49.78	1.24246e-04
49.8	1.24296e-04
49.82	1.24352e-04
49.84	1.24024e-04
49.86	1.24076e-04
49.88	1.24127e-04
49.9	1.24187e-04
49.92	1.23854e-04
49.94	1.23911e-04
49.96	1.23598e-04
49.98	1.22903e-04
50	1.22951e-04
50.02	1.22998e-04
50.04	1.23047e-04
50.06	1.23103e-04
50.08	1.22772e-04
50.1	1.22823e-04
50.12	1.22499e-04
50.14	1.22548e-04
50.16	1.22604e-04
50.18	1.22267e-04
50.2	1.22317e-04
50.22	1.22363e-04
50.24	1.22413e-04
50.26	1.22462e-04
50.28	1.22137e-04
50.3	1.22191e-04
50.32	1.21865e-04
50.34	1.21912e-04
50.36	1.21961e-04
50.38	1.21491e-04
50.4	1.21161e-04
50.42	1.21206e-04
50.44	1.21252e-04
50.46	1.21298e-04
50.48	1.21345e-04
50.5	1.21393e-04
50.52	1.21455e-04
50.54	1.20746e-04
50.56	1.20791e-04
50.58	1.20837e-04
50.6	1.20885e-04
50.62	1.20929e-04
50.64	1.20977e-04
50.66	1.21026e-04
50.68	1.20701e-04
50.7	1.20376e-04
50.72	1.20421e-04
50.74	1.20463e-04
50.76	1.20515e-04
50.78	1.20559e-04
50.8	1.20605e-04
50.82	1.20658e-04
50.84	1.19960e-04
50.86	1.20001e-04
50.88	1.20044e-04
50.9	1.20086e-04
50.92	1.20134e-04
50.94	1.20179e-04
50.96	1.20224e-04
50.98	1.20268e-04
51	1.20317e-04
51.02	1.19991e-04
51.04	1.20034e-04
51.06	1.20081e-04
51.08	1.20131e-04
51.1	1.20182e-04
51.12	1.19493e-04
51.14	1.19535e-04
51.16	1.19576e-04
51.18	1.19622e-04
51.2	1.19671e-04
51.22	1.19341e-04
51.24	1.19382e-04
51.26	1.19425e-04
51.28	1.19466e-04
51.3	1.19510e-04
51.32	1.19552e-04
51.34	1.19598e-04
51.36	1.19644e-04
51.38	1.19688e-04
51.4	1.19730e-04
51.42	1.19783e-04
51.44	1.19453e-04
51.46	1.19498e-04
51.48	1.19541e-04
51.5	1.19587e-04
51.52	1.19635e-04
51.54	1.19685e-04
51.56	1.19739e-04
51.58	1.19411e-04
51.6	1.19088e-04
51.62	1.19132e-04
51.64	1.19181e-04
51.66	1.19232e-04
51.68	1.18898e-04
51.7	1.18942e-04
51.72	1.18987e-04
51.74	1.19034e-04
51.76	1.18710e-04
51.78	1.18753e-04
51.8	1.18797e-04
51.82	1.18839e-04
51.84	1.18883e-04
51.86	1.18929e-04
51.88	1.18973e-04
51.9	1.19020e-04
51.92	1.19073e-04
51.94	1.18741e-04
51.96	1.18784e-04
51.98	1.18829e-04
52	1.18874e-04
52.02	1.18920e-04
52.04	1.18972e-04
52.06	1.18640e-04
52.08	1.18687e-04
52.1	1.18733e-04
52.12	1.18778e-04
52.14	1.18823e-04
52.16	1.18869e-04
52.18	1.18913e-04
52.2	1.18968e-04
52.22	1.18634e-04
52.24	1.18680e-04
52.26	1.18727e-04
52.28	1.18772e-04
52.3	1.18819e-04
52.32	1.18865e-04
52.34	1.18914e-04
52.36	1.18964e-04
52.38	1.19016e-04
52.4	1.19071e-04
52.42	1.18758e-04
52.44	1.18430e-04
52.46	1.18481e-04
52.48	1.18528e-04
52.5	1.18587e-04
52.52	1.18263e-04
52.54	1.18315e-04
52.56	1.18373e-04
52.58	1.18045e-04
52.6	1.18097e-04
52.62	1.18153e-04
52.64	1.18217e-04
52.66	1.18282e-04
52.68	1.18349e-04
52.7	1.18415e-04
52.72	1.18488e-04
52.74	1.18578e-04
52.76	1.18701e-04
52.78	1.15845e-04
52.8	1.14763e-04
52.82	1.14444e-04
52.84	1.13359e-04
52.86	1.13031e-04
52.88	1.13091e-04
52.9	1.12758e-04
52.92	1.12423e-04
52.94	1.12090e-04
52.96	1.12143e-04
52.98	1.11811e-04
53	1.11859e-04
53.02	1.11529e-04
53.04	1.11576e-04
53.06	1.11631e-04
53.08	1.11298e-04
53.1	1.11356e-04
53.12	1.11040e-04
53.14	1.10708e-04
53.16	1.10376e-04
53.18	1.10433e-04
53.2	1.09719e-04
53.22	1.09762e-04
53.24	1.09810e-04
53.26	1.09480e-04
53.28	1.09147e-04
53.3	1.09189e-04
53.32	1.09233e-04
53.34	1.09284e-04
53.36	1.08936e-04
53.38	1.08977e-04
53.4	1.09023e-04
53.42	1.09068e-04
53.44	1.08728e-04
53.46	1.08769e-04
53.48	1.08812e-04
53.5	1.08858e-04
53.52	1.08901e-04
53.54	1.08565e-04
53.56	1.08609e-04
53.58	1.08281e-04
53.6	1.08324e-04
53.62	1.08366e-04
53.64	1.08415e-04
53.66	1.08073e-04
53.68	1.08115e-04
53.7	1.08167e-04
53.72	1.07826e-04
53.74	1.07867e-04
53.76	1.07909e-04
53.78	1.07577e-04
53.8	1.07616e-04
53.82	1.07657e-04
53.84	1.07698e-04
53.86	1.07740e-04
53.88	1.07784e-04
53.9	1.07457e-04
53.92	1.07510e-04
53.94	1.07162e-04
53.96	1.07200e-04
53.98	1.07248e-04
54	1.06914e-04
54.02	1.06950e-04
54.04	1.06990e-04
54.06	1.07033e-04
54.08	1.06695e-04
54.1	1.06732e-04
54.12	1.06774e-04
54.14	1.06812e-04
54.16	1.06849e-04
54.18	1.06889e-04
54.2	1.06931e-04
54.22	1.06971e-04
54.24	1.07017e-04
54.26	1.06679e-04
54.28	1.06718e-04
54.3	1.06761e-04
54.32	1.06809e-04
54.34	1.06471e-04
54.36	1.06510e-04
54.38	1.06550e-04
54.4	1.06595e-04
54.42	1.06639e-04
54.44	1.06313e-04
54.46	1.05967e-04
54.48	1.06006e-04
54.5	1.06043e-04
54.52	1.06081e-04
54.54	1.06122e-04
54.56	1.06158e-04
54.58	1.06199e-04
54.6	1.06241e-04
54.62	1.06282e-04
54.64	1.06324e-04
54.66	1.05984e-04
54.68	1.06027e-04
54.7	1.06077e-04
54.72	1.05733e-04
54.74	1.05772e-04
54.76	1.05810e-04
54.78	1.05848e-04
54.8	1.05889e-04
54.82	1.05931e-04
54.84	1.05972e-04
54.86	1.06014e-04
54.88	1.06064e-04
54.9	1.05725e-04
54.92	1.05389e-04
54.94	1.05430e-04
54.96	1.05470e-04
54.98	1.05511e-04
55	1.05179e-04
55.02	1.05215e-04
55.04	1.05251e-04
55.06	1.05291e-04
55.08	1.05332e-04
55.1	1.05371e-04
55.12	1.05411e-04
55.14	1.05074e-04
55.16	1.05109e-04
55.18	1.05148e-04
55.2	1.05185e-04
55.22	1.05225e-04
55.24	1.05261e-04
55.26	1.05301e-04
55.28	1.05340e-04
55.3	1.05380e-04
55.32	1.05418e-04
55.34	1.05462e-04
55.36	1.05502e-04
55.38	1.05547e-04
55.4	1.05595e-04
55.42	1.05260e-04
55.44	1.04920e-04
55.46	1.04964e-04
55.48	1.05001e-04
55.5	1.05039e-04
55.52	1.05080e-04
55.54	1.05125e-04
55.56	1.04786e-04
55.58	1.04824e-04
55.6	1.04868e-04
55.62	1.04911e-04
55.64	1.04952e-04
55.66	1.04994e-04
55.68	1.05036e-04
55.7	1.05085e-04
55.72	1.04370e-04
55.74	1.04408e-04
55.76	1.04445e-04
55.78	1.04486e-04
55.8	1.04524e-04
55.82	1.04562e-04
55.84	1.04605e-04
55.86	1.04644e-04
55.88	1.04682e-04
55.9	1.04725e-04
55.92	1.04766e-04
55.94	1.04810e-04
55.96	1.04857e-04
55.98	1.04526e-04
56	1.04567e-04
56.02	1.04610e-04
56.04	1.04276e-04
56.06	1.04314e-04
56.08	1.04356e-04
56.1	1.04400e-04
56.12	1.04440e-04
56.14	1.04480e-04
56.16	1.04524e-04
56.18	1.04570e-04
56.2	1.04613e-04
56.22	1.04659e-04
56.24	1.04703e-04
56.26	1.04753e-04
56.28	1.04806e-04
56.3	1.04864e-04
56.32	1.04924e-04
56.34	1.04992e-04
56.36	1.05057e-04
56.38	1.05131e-04
56.4	1.04826e-04
56.42	1.04909e-04
56.44	1.05042e-04
56.46	1.01787e-04
56.48	1.00299e-04
56.5	9.99687e-05
56.52	9.92439e-05
56.54	9.89110e-05
56.56	9.89760e-05
56.58	9.82488e-05
56.6	9.79061e-05
56.62	9.79596e-05
56.64	9.76101e-05
56.66	9.76627e-05
56.68	9.73124e-05
56.7	9.73651e-05
56.72	9.70168e-05
56.74	9.70609e-05
56.76	9.71183e-05
56.78	9.63805e-05
56.8	9.64264e-05
56.82	9.60806e-05
56.84	9.61197e-05
56.86	9.61579e-05
56.88	9.62036e-05
56.9	9.58503e-05
56.92	9.58888e-05
56.94	9.59293e-05
56.96	9.59783e-05
56.98	9.56237e-05
57	9.56608e-05
57.02	9.56987e-05
57.04	9.57478e-05
57.06	9.53973e-05
57.08	9.54383e-05
57.1	9.54791e-05
57.12	9.55156e-05
57.14	9.55679e-05
57.16	9.52256e-05
57.18	9.48940e-05
57.2	9.45513e-05
57.22	9.45905e-05
57.24	9.46328e-05
57.26	9.39098e-05
57.28	9.39425e-05
57.3	9.39804e-05
57.32	9.40156e-05
57.34	9.40518e-05
57.36	9.40930e-05
57.38	9.41376e-05
57.4	9.35918e-05
57.42	9.36274e-05
57.44	9.36609e-05
57.46	9.36982e-05
57.48	9.37342e-05
57.5	9.37747e-05
57.52	9.34259e-05
57.54	9.34632e-05
57.56	9.34994e-05
57.58	9.35356e-05
57.6	9.35722e-05
57.62	9.32317e-05
57.64	9.32706e-05
57.66	9.33122e-05
57.68	9.29585e-05
57.7	9.29931e-05
57.72	9.30277e-05
57.74	9.30640e-05
57.76	9.30992e-05
57.78	9.31346e-05
57.8	9.31735e-05
57.82	9.32108e-05
57.84	9.28711e-05
57.86	9.25250e-05
57.88	9.25586e-05
57.9	9.25934e-05
57.92	9.26274e-05
57.94	9.26598e-05
57.96	9.26991e-05
57.98	9.27358e-05
58	9.27735e-05
58.02	9.28194e-05
58.04	9.24671e-05
58.06	9.25026e-05
58.08	9.25443e-05
58.1	9.22108e-05
58.12	9.18578e-05
58.14	9.18922e-05
58.16	9.19222e-05
58.18	9.19573e-05
58.2	9.19934e-05
58.22	9.20340e-05
58.24	9.16797e-05
58.26	9.17122e-05
58.28	9.17453e-05
58.3	9.17775e-05
58.32	9.18109e-05
58.34	9.18449e-05
58.36	9.18797e-05
58.38	9.19143e-05
58.4	9.19451e-05
58.42	9.19834e-05
58.44	9.20241e-05
58.46	9.16765e-05
58.48	9.17104e-05
58.5	9.17457e-05
58.52	9.17824e-05
58.54	9.18215e-05
58.56	9.14788e-05
58.58	9.15138e-05
58.6	9.15572e-05
58.62	9.12073e-05
58.64	9.12395e-05
58.66	9.12742e-05
58.68	9.13110e-05
58.7	9.09630e-05
58.72	9.09942e-05
58.74	9.10253e-05
58.76	9.10597e-05
58.78	9.10920e-05
58.8	9.11220e-05
58.82	9.11580e-05
58.84	9.11893e-05
58.86	9.12247e-05
58.88	9.12591e-05
58.9	9.12953e-05
58.92	9.13307e-05
58.94	9.13651e-05
58.96	9.14095e-05
58.98	9.10666e-05
59	9.07165e-05
59.02	9.07483e-05
59.04	9.07807e-05
59.06	9.08158e-05
59.08	9.08479e-05
59.1	9.08839e-05
59.12	9.09204e-05
59.14	9.09620e-05
59.16	9.06119e-05
59.18	9.06454e-05
59.2	9.06835e-05
59.22	9.07188e-05
59.24	9.07531e-05
59.26	9.07963e-05
59.28	9.04436e-05
59.3	9.04837e-05
59.32	9.01323e-05
59.34	9.01658e-05
59.36	9.01953e-05
59.38	9.02268e-05
59.4	9.02582e-05
59.42	9.02933e-05
59.44	9.03272e-05
59.46	9.03577e-05
59.48	9.03900e-05
59.5	9.04229e-05
59.52	9.04616e-05
59.54	9.04952e-05
59.56	9.05283e-05
59.58	9.05731e-05
59.6	9.02174e-05
59.62	9.02521e-05
59.64	9.02878e-05
59.66	9.03204e-05
59.68	9.03538e-05
59.7	9.03878e-05
59.72	9.04286e-05
59.74	9.00812e-05
59.76	9.01142e-05
59.78	9.01485e-05
59.8	9.01817e-05
59.82	9.02167e-05
59.84	9.02528e-05
59.86	9.02892e-05
59.88	9.03265e-05
59.9	9.03621e-05
59.92	9.04126e-05
59.94	8.96768e-05
59.96	8.97108e-05
59.98	8.97433e-05
60	8.97787e-05
60.02	8.98130e-05
60.04	8.98485e-05
60.06	8.98864e-05
60.08	8.99267e-05
60.1	8.95816e-05
60.12	8.96178e-05
60.14	8.96562e-05
60.16	8.96942e-05
60.18	8.97312e-05
60.2	8.97694e-05
60.22	8.98101e-05
60.24	8.98489e-05
60.26	8.98917e-05
60.28	8.99379e-05
60.3	8.99889e-05
60.32	8.96439e-05
60.34	8.96906e-05
60.36	8.93539e-05
60.38	8.93983e-05
60.4	8.94445e-05
60.42	8.95025e-05
60.44	8.95670e-05
60.46	8.96331e-05
60.48	8.97095e-05
60.5	8.97953e-05
60.52	8.85041e-05
60.54	8.66105e-05
60.56	8.58903e-05
60.58	8.51592e-05
60.6	8.48190e-05
60.62	8.44779e-05
60.64	8.45331e-05
60.66	8.41834e-05
60.68	8.38413e-05
60.7	8.38938e-05
60.72	8.31571e-05
60.74	8.32009e-05
60.76	8.28518e-05
60.78	8.28890e-05
60.8	8.25414e-05
60.82	8.25806e-05
60.84	8.26233e-05
60.86	8.22723e-05
60.88	8.23118e-05
60.9	8.23576e-05
60.92	8.18176e-05
60.94	8.14695e-05
60.96	8.15102e-05
60.98	8.15537e-05
61	8.12006e-05
61.02	8.08540e-05
61.04	8.08901e-05
61.06	8.09330e-05
61.08	8.05738e-05
61.1	8.06069e-05
61.12	8.06406e-05
61.14	8.06835e-05
61.16	7.99479e-05
61.18	7.99785e-05
61.2	8.00091e-05
61.22	8.00407e-05
61.24	8.00743e-05
61.26	8.01148e-05
61.28	7.97523e-05
61.3	7.97800e-05
61.32	7.98107e-05
61.34	7.98437e-05
61.36	7.98794e-05
61.38	7.99206e-05
61.4	7.95535e-05
61.42	7.95856e-05
61.44	7.96174e-05
61.46	7.96465e-05
61.48	7.96820e-05
61.5	7.97164e-05
61.52	7.93610e-05
61.54	7.93952e-05
61.56	7.94279e-05
61.58	7.94615e-05
61.6	7.94949e-05
61.62	7.95384e-05
61.64	7.91850e-05
61.66	7.88336e-05
61.68	7.88644e-05
61.7	7.88962e-05
61.72	7.89391e-05
61.74	7.85822e-05
61.76	7.86112e-05
61.78	7.86441e-05
61.8	7.86792e-05
61.82	7.83368e-05
61.84	7.79746e-05
61.86	7.80017e-05
61.88	7.80291e-05
61.9	7.80574e-05
61.92	7.80893e-05
61.94	7.81183e-05
61.96	7.81469e-05
61.98	7.81820e-05
62	7.78291e-05
62.02	7.78580e-05
62.04	7.78885e-05
62.06	7.79148e-05
62.08	7.79435e-05
62.1	7.79788e-05
62.12	7.80173e-05
62.14	7.76611e-05
62.16	7.76897e-05
62.18	7.77197e-05
62.2	7.73679e-05
62.22	7.73959e-05
62.24	7.74208e-05
62.26	7.74485e-05
62.28	7.74763e-05
62.3	7.75063e-05
62.32	7.75358e-05
62.34	7.75663e-05
62.36	7.75949e-05
62.38	7.76292e-05
62.4	7.76654e-05
62.42	7.73105e-05
62.44	7.73401e-05
62.46	7.73728e-05
62.48	7.70183e-05
62.5	7.70443e-05
62.52	7.70735e-05
62.54	7.71027e-05
62.56	7.71336e-05
62.58	7.71657e-05
62.6	7.71960e-05
62.62	7.72269e-05
62.64	7.72646e-05
62.66	7.69179e-05
62.68	7.65624e-05
62.7	7.65910e-05
62.72	7.66185e-05
62.74	7.66495e-05
62.76	7.62937e-05
62.78	7.63201e-05
62.8	7.63463e-05
62.82	7.63743e-05
62.84	7.64058e-05
62.86	7.64334e-05
62.88	7.64624e-05
62.9	7.64934e-05
62.92	7.61388e-05
62.94	7.61672e-05
62.96	7.61936e-05
62.98	7.62196e-05
63	7.62456e-05
63.02	7.62737e-05
63.04	7.62999e-05
63.06	7.63284e-05
63.08	7.63543e-05
63.1	7.63882e-05
63.12	7.64190e-05
63.14	7.64496e-05
63.16	7.64805e-05
63.18	7.65117e-05
63.2	7.65568e-05
63.22	7.61975e-05
63.24	7.62344e-05
63.26	7.58852e-05
63.28	7.55227e-05
63.3	7.55469e-05
63.32	7.55732e-05
63.34	7.56004e-05
63.36	7.56275e-05
63.38	7.56548e-05
63.4	7.56808e-05
63.42	7.57085e-05
63.44	7.57369e-05
63.46	7.57670e-05
63.48	7.57971e-05
63.5	7.58285e-05
63.52	7.54744e-05
63.54	7.55004e-05
63.56	7.55283e-05
63.58	7.55542e-05
63.6	7.55823e-05
63.62	7.56113e-05
63.64	7.56379e-05
63.66	7.56647e-05
63.68	7.56941e-05
63.7	7.57246e-05
63.72	7.57594e-05
63.74	7.53992e-05
63.76	7.54292e-05
63.78	7.54593e-05
63.8	7.54910e-05
63.82	7.55204e-05
63.84	7.55546e-05
63.86	7.52072e-05
63.88	7.48516e-05
63.9	7.48779e-05
63.92	7.49028e-05
63.94	7.49295e-05
63.96	7.49588e-05
63.98	7.49863e-05
64	7.50113e-05
64.02	7.50386e-05
64.04	7.50666e-05
64.06	7.50960e-05
64.08	7.51280e-05
64.1	7.51623e-05
64.12	7.47992e-05
64.14	7.48304e-05
64.16	7.48579e-05
64.18	7.48848e-05
64.2	7.49133e-05
64.22	7.49556e-05
64.24	7.45921e-05
64.26	7.46167e-05
64.28	7.46446e-05
64.3	7.46725e-05
64.32	7.46970e-05
64.34	7.47233e-05
64.36	7.47501e-05
64.38	7.47795e-05
64.4	7.48065e-05
64.42	7.48351e-05
64.44	7.48605e-05
64.46	7.48909e-05
64.48	7.49218e-05
64.5	7.49495e-05
64.52	7.49817e-05
64.54	7.46295e-05
64.56	7.46584e-05
64.58	7.46882e-05
64.6	7.47170e-05
64.62	7.47585e-05
64.64	7.43973e-05
64.66	7.44231e-05
64.68	7.44514e-05
64.7	7.44783e-05
64.72	7.45078e-05
64.74	7.45366e-05
64.76	7.45676e-05
64.78	7.43994e-05
64.8	7.44260e-05
64.82	7.44537e-05
64.84	7.44856e-05
64.86	7.45225e-05
64.88	7.45617e-05
64.9	7.46004e-05
64.92	7.46424e-05
64.94	7.46896e-05
64.96	7.47427e-05
64.98	7.48055e-05
65	7.44819e-05
65.02	7.45825e-05
65.04	7.47481e-05
65.06	7.10569e-05
65.08	7.03406e-05
65.1	7.00099e-05
65.12	6.96767e-05
65.14	6.93300e-05
65.16	6.89804e-05
65.18	6.86344e-05
65.2	6.86821e-05
65.22	6.83316e-05
65.24	6.83847e-05
65.26	6.76340e-05
65.28	6.76736e-05
65.3	6.73173e-05
65.32	6.73485e-05
65.34	6.69978e-05
65.36	6.70289e-05
65.38	6.70635e-05
65.4	6.67088e-05
65.42	6.67398e-05
65.44	6.67731e-05
65.46	6.68161e-05
65.48	6.64508e-05
65.5	6.64841e-05
65.52	6.65298e-05
65.54	6.57855e-05
65.56	6.58113e-05
65.58	6.58388e-05
65.6	6.58682e-05
65.62	6.59021e-05
65.64	6.55411e-05
65.66	6.55674e-05
65.68	6.55945e-05
65.7	6.56247e-05
65.72	6.56620e-05
65.74	6.52979e-05
65.76	6.53232e-05
65.78	6.53496e-05
65.8	6.53822e-05
65.82	6.54124e-05
65.84	6.50627e-05
65.86	6.50875e-05
65.88	6.51162e-05
65.9	6.51465e-05
65.92	6.47914e-05
65.94	6.48248e-05
65.96	6.48749e-05
65.98	6.45097e-05
66	6.41491e-05
66.02	6.41846e-05
66.04	6.38200e-05
66.06	6.38451e-05
66.08	6.38731e-05
66.1	6.35198e-05
66.12	6.35411e-05
66.14	6.35634e-05
66.16	6.35884e-05
66.18	6.36112e-05
66.2	6.36337e-05
66.22	6.36616e-05
66.24	6.36895e-05
66.26	6.33344e-05
66.28	6.33572e-05
66.3	6.33788e-05
66.32	6.34038e-05
66.34	6.34253e-05
66.36	6.34492e-05
66.38	6.34735e-05
66.4	6.35038e-05
66.42	6.35347e-05
66.44	6.31759e-05
66.46	6.32001e-05
66.48	6.32243e-05
66.5	6.32478e-05
66.52	6.32732e-05
66.54	6.33032e-05
66.56	6.33382e-05
66.58	6.29736e-05
66.6	6.30012e-05
66.62	6.26492e-05
66.64	6.26709e-05
66.66	6.26945e-05
66.68	6.27204e-05
66.7	6.27435e-05
66.72	6.27653e-05
66.74	6.27932e-05
66.76	6.28199e-05
66.78	6.28549e-05
66.8	6.24931e-05
66.82	6.25263e-05
66.84	6.21685e-05
66.86	6.21907e-05
66.88	6.22185e-05
66.9	6.18519e-05
66.92	6.18746e-05
66.94	6.18957e-05
66.96	6.19179e-05
66.98	6.19414e-05
67	6.19629e-05
67.02	6.19889e-05
67.04	6.20187e-05
67.06	6.20591e-05
67.08	6.16906e-05
67.1	6.17153e-05
67.12	6.17401e-05
67.14	6.17744e-05
67.16	6.14038e-05
67.18	6.14255e-05
67.2	6.14455e-05
67.22	6.14679e-05
67.24	6.14909e-05
67.26	6.15117e-05
67.28	6.15375e-05
67.3	6.15664e-05
67.32	6.12136e-05
67.34	6.12329e-05
67.36	6.12533e-05
67.38	6.12756e-05
67.4	6.12963e-05
67.42	6.13173e-05
67.44	6.13401e-05
67.46	6.13632e-05
67.48	6.13869e-05
67.5	6.14098e-05
67.52	6.14336e-05
67.54	6.14597e-05
67.56	6.14846e-05
67.58	6.15165e-05
67.6	6.11660e-05
67.62	6.11954e-05
67.64	6.08270e-05
67.66	6.08511e-05
67.68	6.08731e-05
67.7	6.08957e-05
67.72	6.09204e-05
67.74	6.09468e-05
67.76	6.05876e-05
67.78	6.06122e-05
67.8	6.06333e-05
67.82	6.06552e-05
67.84	6.06812e-05
67.86	6.07067e-05
67.88	6.07334e-05
67.9	6.07737e-05
67.92	6.00198e-05
67.94	6.00394e-05
67.96	6.00601e-05
67.98	6.00790e-05
68	6.01014e-05
68.02	6.01212e-05
68.04	6.01417e-05
68.06	6.01608e-05
68.08	6.01830e-05
68.1	6.02038e-05
68.12	6.02264e-05
68.14	6.02471e-05
68.16	6.02699e-05
68.18	6.02927e-05
68.2	6.03181e-05
68.22	6.03469e-05
68.24	5.99932e-05
68.26	6.00141e-05
68.28	6.00361e-05
68.3	6.00570e-05
68.32	6.00801e-05
68.34	6.01026e-05
68.36	6.01273e-05
68.38	6.01512e-05
68.4	6.01766e-05
68.42	5.98189e-05
68.44	5.98401e-05
68.46	5.98616e-05
68.48	5.98882e-05
68.5	5.99166e-05
68.52	5.95478e-05
68.54	5.95710e-05
68.56	5.95944e-05
68.58	5.96209e-05
68.6	5.96612e-05
68.62	5.92879e-05
68.64	5.93098e-05
68.66	5.93289e-05
68.68	5.93496e-05
68.7	5.93689e-05
68.72	5.93884e-05
68.74	5.94108e-05
68.76	5.94303e-05
68.78	5.94501e-05
68.8	5.94712e-05
68.82	5.94906e-05
68.84	5.95137e-05
68.86	5.95380e-05
68.88	5.95591e-05
68.9	5.95819e-05
68.92	5.96043e-05
68.94	5.96282e-05
68.96	5.96557e-05
68.98	5.96888e-05
69	5.91373e-05
69.02	5.91589e-05
69.04	5.91818e-05
69.06	5.92022e-05
69.08	5.92264e-05
69.1	5.92525e-05
69.12	5.92833e-05
69.14	5.89104e-05
69.16	5.89316e-05
69.18	5.89498e-05
69.2	5.89713e-05
69.22	5.89916e-05
69.24	5.90123e-05
69.26	5.90334e-05
69.28	5.90562e-05
69.3	5.90775e-05
69.32	5.91012e-05
69.34	5.91255e-05
69.36	5.91476e-05
69.38	5.91728e-05
69.4	5.92018e-05
69.42	5.92459e-05
69.44	5.88851e-05
69.46	5.85125e-05
69.48	5.85300e-05
69.5	5.85496e-05
69.52	5.85712e-05
69.54	5.85919e-05
69.56	5.86120e-05
69.58	5.86339e-05
69.6	5.86522e-05
69.62	5.86721e-05
69.64	5.86944e-05
69.66	5.87129e-05
69.68	5.87349e-05
69.7	5.87569e-05
69.72	5.87782e-05
69.74	5.88002e-05
69.76	5.88237e-05
69.78	5.88476e-05
69.8	5.88723e-05
69.82	5.88975e-05
69.84	5.89244e-05
69.86	5.89604e-05
69.88	5.86100e-05
69.9	5.82424e-05
69.92	5.82636e-05
69.94	5.82842e-05
69.96	5.83033e-05
69.98	5.83239e-05
70	5.83447e-05
70.02	5.83660e-05
70.04	5.83871e-05
70.06	5.84072e-05
70.08	5.84279e-05
70.1	5.84474e-05
70.12	5.84700e-05
70.14	5.84927e-05
70.16	5.85127e-05
70.18	5.85350e-05
70.2	5.85569e-05
70.22	5.85781e-05
70.24	5.62348e-05
70.26	5.51913e-05
70.28	5.48586e-05
70.3	5.41720e-05
70.32	5.38380e-05
70.34	5.38614e-05
70.36	5.35345e-05
70.38	5.32214e-05
70.4	5.28503e-05
70.42	5.25238e-05
70.44	5.21459e-05
70.46	5.18099e-05
70.48	5.18282e-05
70.5	5.14899e-05
70.52	5.15088e-05
70.54	5.15279e-05
70.56	5.11923e-05
70.58	5.12117e-05
70.6	5.12315e-05
70.62	5.08963e-05
70.64	5.09176e-05
70.66	5.09481e-05
70.68	5.05693e-05
70.7	5.02328e-05
70.72	5.02501e-05
70.74	5.02677e-05
70.76	5.02839e-05
70.78	4.99476e-05
70.8	4.99670e-05
70.82	4.99842e-05
70.84	5.00030e-05
70.86	4.96672e-05
70.88	4.96889e-05
70.9	4.97122e-05
70.92	4.93527e-05
70.94	4.93712e-05
70.96	4.93878e-05
70.98	4.90490e-05
71	4.90660e-05
71.02	4.90813e-05
71.04	4.90992e-05
71.06	4.91154e-05
71.08	4.91319e-05
71.1	4.87953e-05
71.12	4.88105e-05
71.14	4.88285e-05
71.16	4.88447e-05
71.18	4.88618e-05
71.2	4.88797e-05
71.22	4.85412e-05
71.24	4.85581e-05
71.26	4.85766e-05
71.28	4.85929e-05
71.3	4.86118e-05
71.32	4.86300e-05
71.34	4.86499e-05
71.36	4.86696e-05
71.38	4.83353e-05
71.4	4.83583e-05
71.42	4.83801e-05
71.44	4.84092e-05
71.46	4.80392e-05
71.48	4.80693e-05
71.5	4.77189e-05
71.52	4.73381e-05
71.54	4.70002e-05
71.56	4.70156e-05
71.58	4.70319e-05
71.6	4.70477e-05
71.62	4.70632e-05
71.64	4.70777e-05
71.66	4.70941e-05
71.68	4.71095e-05
71.7	4.71258e-05
71.72	4.67866e-05
71.74	4.68029e-05
71.76	4.68173e-05
71.78	4.68343e-05
71.8	4.68499e-05
71.82	4.68638e-05
71.84	4.68812e-05
71.86	4.68964e-05
71.88	4.69113e-05
71.9	4.69271e-05
71.92	4.69436e-05
71.94	4.66071e-05
71.96	4.66244e-05
71.98	4.66410e-05
72	4.66568e-05
72.02	4.66750e-05
72.04	4.66929e-05
72.06	4.67116e-05
72.08	4.67357e-05
72.1	4.67628e-05
72.12	4.63935e-05
72.14	4.64087e-05
72.16	4.60712e-05
72.18	4.60875e-05
72.2	4.61031e-05
72.22	4.61218e-05
72.24	4.61363e-05
72.26	4.61527e-05
72.28	4.61694e-05
72.3	4.61881e-05
72.32	4.62060e-05
72.34	4.62241e-05
72.36	4.62449e-05
72.38	4.62677e-05
72.4	4.55436e-05
72.42	4.55600e-05
72.44	4.55777e-05
72.46	4.55936e-05
72.48	4.56099e-05
72.5	4.56305e-05
72.52	4.56567e-05
72.54	4.52701e-05
72.56	4.52859e-05
72.58	4.53018e-05
72.6	4.53168e-05
72.62	4.53323e-05
72.64	4.53491e-05
72.66	4.53655e-05
72.68	4.50290e-05
72.7	4.50466e-05
72.72	4.50651e-05
72.74	4.50865e-05
72.76	4.51210e-05
72.78	4.47406e-05
72.8	4.47566e-05
72.82	4.47689e-05
72.84	4.47855e-05
72.86	4.48009e-05
72.88	4.48158e-05
72.9	4.48299e-05
72.92	4.48452e-05
72.94	4.48602e-05
72.96	4.48749e-05
72.98	4.45393e-05
73	4.45532e-05
73.02	4.45695e-05
73.04	4.45835e-05
73.06	4.45992e-05
73.08	4.46131e-05
73.1	4.46298e-05
73.12	4.46445e-05
73.14	4.46596e-05
73.16	4.46754e-05
73.18	4.46905e-05
73.2	4.47062e-05
73.22	4.47215e-05
73.24	4.47412e-05
73.26	4.47580e-05
73.28	4.47764e-05
73.3	4.47955e-05
73.32	4.44681e-05
73.34	4.40935e-05
73.36	4.41094e-05
73.38	4.41257e-05
73.4	4.41423e-05
73.42	4.41607e-05
73.44	4.41819e-05
73.46	4.42114e-05
73.48	4.38365e-05
73.5	4.38521e-05
73.52	4.38681e-05
73.54	4.38822e-05
73.56	4.38974e-05
73.58	4.39125e-05
73.6	4.39292e-05
73.62	4.39442e-05
73.64	4.35977e-05
73.66	4.32603e-05
73.68	4.32768e-05
73.7	4.32895e-05
73.72	4.33025e-05
73.74	4.33175e-05
73.76	4.33325e-05
73.78	4.33466e-05
73.8	4.33604e-05
73.82	4.33755e-05
73.84	4.33904e-05
73.86	4.34044e-05
73.88	4.34189e-05
73.9	4.34338e-05
73.92	4.34475e-05
73.94	4.34630e-05
73.96	4.34779e-05
73.98	4.34916e-05
74	4.35066e-05
74.02	4.35211e-05
74.04	4.35374e-05
74.06	4.32024e-05
74.08	4.32179e-05
74.1	4.32335e-05
74.12	4.32497e-05
74.14	4.32666e-05
74.16	4.32838e-05
74.18	4.33056e-05
74.2	4.33295e-05
74.22	4.29650e-05
74.24	4.29814e-05
74.26	4.29980e-05
74.28	4.30150e-05
74.3	4.30373e-05
74.32	4.26620e-05
74.34	4.26758e-05
74.36	4.26903e-05
74.38	4.27040e-05
74.4	4.27192e-05
74.42	4.27315e-05
74.44	4.27471e-05
74.46	4.27597e-05
74.48	4.24241e-05
74.5	4.24383e-05
74.52	4.24530e-05
74.54	4.24656e-05
74.56	4.24808e-05
74.58	4.24942e-05
74.6	4.25086e-05
74.62	4.25231e-05
74.64	4.25370e-05
74.66	4.25513e-05
74.68	4.25657e-05
74.7	4.25804e-05
74.72	4.25938e-05
74.74	4.26083e-05
74.76	4.26220e-05
74.78	4.26360e-05
74.8	4.26505e-05
74.82	4.26662e-05
74.84	4.26809e-05
74.86	4.26971e-05
74.88	4.27135e-05
74.9	4.27275e-05
74.92	4.27448e-05
74.94	4.24106e-05
74.96	4.24282e-05
74.98	4.24496e-05
75	4.24750e-05
75.02	4.21023e-05
75.04	4.21172e-05
75.06	4.21319e-05
75.08	4.21463e-05
75.1	4.21614e-05
75.12	4.21751e-05
75.14	4.21890e-05
75.16	4.22055e-05
75.18	4.22202e-05
75.2	4.22345e-05
75.22	4.22498e-05
75.24	4.22672e-05
75.26	4.22835e-05
75.28	4.22994e-05
75.3	4.23157e-05
75.32	4.23368e-05
75.34	4.23619e-05
75.36	4.19788e-05
75.38	4.19928e-05
75.4	4.20078e-05
75.42	4.16722e-05
75.44	4.16854e-05
75.46	4.16994e-05
75.48	4.17141e-05
75.5	4.17287e-05
75.52	4.17427e-05
75.54	4.17565e-05
75.56	4.17720e-05
75.58	4.17854e-05
75.6	4.18000e-05
75.62	4.18138e-05
75.64	4.18284e-05
75.66	4.18442e-05
75.68	4.18599e-05
75.7	4.18753e-05
75.72	4.18901e-05
75.74	4.19065e-05
75.76	4.19230e-05
75.78	4.19392e-05
75.8	4.19571e-05
75.82	4.19779e-05
75.84	4.20023e-05
75.86	4.16323e-05
75.88	4.16462e-05
75.9	4.16614e-05
75.92	4.16761e-05
75.94	4.16912e-05
75.96	4.13556e-05
75.98	4.13703e-05
76	4.13849e-05
76.02	4.13994e-05
76.04	4.14151e-05
76.06	4.14291e-05
76.08	4.14456e-05
76.1	4.14593e-05
76.12	4.14752e-05
76.14	4.14913e-05
76.16	4.15054e-05
76.18	4.15214e-05
76.2	4.15369e-05
76.22	4.15524e-05
76.24	4.15681e-05
76.26	4.15848e-05
76.28	4.16000e-05
76.3	4.16159e-05
76.32	4.16341e-05
76.34	3.92927e-05
76.36	3.82489e-05
76.38	3.75578e-05
76.4	3.72211e-05
76.42	3.68938e-05
76.44	3.63521e-05
76.46	3.60109e-05
76.48	3.56705e-05
76.5	3.56819e-05
76.52	3.53418e-05
76.54	3.50028e-05
76.56	3.46623e-05
76.58	3.46750e-05
76.6	3.43341e-05
76.62	3.43476e-05
76.64	3.43598e-05
76.66	3.40213e-05
76.68	3.40347e-05
76.7	3.40510e-05
76.72	3.37150e-05
76.74	3.33487e-05
76.76	3.33602e-05
76.78	3.33717e-05
76.8	3.30293e-05
76.82	3.30402e-05
76.84	3.30517e-05
76.86	3.30629e-05
76.88	3.30742e-05
76.9	3.27315e-05
76.92	3.27430e-05
76.94	3.27535e-05
76.96	3.27646e-05
76.98	3.24233e-05
77	3.24338e-05
77.02	3.24447e-05
77.04	3.24561e-05
77.06	3.24661e-05
77.08	3.24773e-05
77.1	3.21361e-05
77.12	3.21471e-05
77.14	3.18052e-05
77.16	3.18163e-05
77.18	3.18269e-05
77.2	3.18370e-05
77.22	3.14955e-05
77.24	3.15059e-05
77.26	3.15165e-05
77.28	3.15265e-05
77.3	3.15370e-05
77.32	3.15491e-05
77.34	3.15587e-05
77.36	3.12170e-05
77.38	3.12266e-05
77.4	3.12375e-05
77.42	3.12484e-05
77.44	3.12584e-05
77.46	3.12682e-05
77.48	3.12787e-05
77.5	3.12905e-05
77.52	3.09507e-05
77.54	3.09618e-05
77.56	3.09729e-05
77.58	3.09841e-05
77.6	3.09964e-05
77.62	3.10097e-05
77.64	3.10240e-05
77.66	3.10414e-05
77.68	3.06729e-05
77.7	3.03311e-05
77.72	3.03407e-05
77.74	3.03516e-05
77.76	3.03622e-05
77.78	3.03723e-05
77.8	3.00296e-05
77.82	3.00385e-05
77.84	3.00480e-05
77.86	3.00597e-05
77.88	3.00703e-05
77.9	2.97277e-05
77.92	2.97368e-05
77.94	2.97467e-05
77.96	2.97572e-05
77.98	2.97666e-05
78	2.97770e-05
78.02	2.97858e-05
78.04	2.97965e-05
78.06	2.98055e-05
78.08	2.98164e-05
78.1	2.98261e-05
78.12	2.94853e-05
78.14	2.94948e-05
78.16	2.95048e-05
78.18	2.95140e-05
78.2	2.95237e-05
78.22	2.95332e-05
78.24	2.95438e-05
78.26	2.95537e-05
78.28	2.95624e-05
78.3	2.95735e-05
78.32	2.95827e-05
78.34	2.95926e-05
78.36	2.92523e-05
78.38	2.92620e-05
78.4	2.92713e-05
78.42	2.92811e-05
78.44	2.92915e-05
78.46	2.93013e-05
78.48	2.93112e-05
78.5	2.89681e-05
78.52	2.89786e-05
78.54	2.89900e-05
78.56	2.90005e-05
78.58	2.90118e-05
78.6	2.90230e-05
78.62	2.86855e-05
78.64	2.87014e-05
78.66	2.87201e-05
78.68	2.83442e-05
78.7	2.83532e-05
78.72	2.83638e-05
78.74	2.83716e-05
78.76	2.83811e-05
78.78	2.83913e-05
78.8	2.83997e-05
78.82	2.84092e-05
78.84	2.84191e-05
78.86	2.84283e-05
78.88	2.84377e-05
78.9	2.84468e-05
78.92	2.81071e-05
78.94	2.81163e-05
78.96	2.81252e-05
78.98	2.81343e-05
79	2.81439e-05
79.02	2.81538e-05
79.04	2.81628e-05
79.06	2.81714e-05
79.08	2.81809e-05
79.1	2.81911e-05
79.12	2.82001e-05
79.14	2.82102e-05
79.16	2.82189e-05
79.18	2.82282e-05
79.2	2.82372e-05
79.22	2.82478e-05
79.24	2.79068e-05
79.26	2.75629e-05
79.28	2.75713e-05
79.3	2.75808e-05
79.32	2.75898e-05
79.34	2.75992e-05
79.36	2.76082e-05
79.38	2.76172e-05
79.4	2.76259e-05
79.42	2.76355e-05
79.44	2.76454e-05
79.46	2.76542e-05
79.48	2.76629e-05
79.5	2.76721e-05
79.52	2.76825e-05
79.54	2.76921e-05
79.56	2.77024e-05
79.58	2.77134e-05
79.6	2.73737e-05
79.62	2.73846e-05
79.64	2.73959e-05
79.66	2.74078e-05
79.68	2.74232e-05
79.7	2.74418e-05
79.72	2.70643e-05
79.74	2.70733e-05
79.76	2.70829e-05
79.78	2.70914e-05
79.8	2.71010e-05
79.82	2.71095e-05
79.84	2.71182e-05
79.86	2.71274e-05
79.88	2.71367e-05
79.9	2.71462e-05
79.92	2.71545e-05
79.94	2.71638e-05
79.96	2.71727e-05
79.98	2.68331e-05
80	2.68416e-05
80.02	2.68504e-05
80.04	2.65055e-05
80.06	2.65146e-05
80.08	2.65229e-05
80.1	2.65318e-05
80.12	2.65407e-05
80.14	2.65494e-05
80.16	2.65584e-05
80.18	2.65676e-05
80.2	2.65756e-05
80.22	2.65835e-05
80.24	2.65942e-05
80.26	2.66027e-05
80.28	2.66114e-05
80.3	2.66203e-05
80.32	2.66290e-05
80.34	2.66384e-05
80.36	2.66472e-05
80.38	2.66560e-05
80.4	2.63154e-05
80.42	2.63247e-05
80.44	2.63339e-05
80.46	2.63421e-05
80.48	2.63511e-05
80.5	2.63601e-05
80.52	2.63685e-05
80.54	2.63779e-05
80.56	2.63866e-05
80.58	2.63958e-05
80.6	2.64049e-05
80.62	2.64144e-05
80.64	2.64248e-05
80.66	2.64339e-05
80.68	2.64442e-05
80.7	2.64546e-05
80.72	2.64654e-05
80.74	2.64768e-05
80.76	2.64905e-05
80.78	2.65062e-05
80.8	2.61344e-05
80.82	2.61436e-05
80.84	2.58028e-05
80.86	2.58113e-05
80.88	2.58203e-05
80.9	2.54745e-05
80.92	2.54830e-05
80.94	2.54916e-05
80.96	2.54999e-05
80.98	2.55080e-05
81	2.55172e-05
81.02	2.55251e-05
81.04	2.55338e-05
81.06	2.55430e-05
81.08	2.55516e-05
81.1	2.55596e-05
81.12	2.55685e-05
81.14	2.55773e-05
81.16	2.55851e-05
81.18	2.55942e-05
81.2	2.56031e-05
81.22	2.56113e-05
81.24	2.56203e-05
81.26	2.56294e-05
81.28	2.56377e-05
81.3	2.56469e-05
81.32	2.56550e-05
81.34	2.53151e-05
81.36	2.53244e-05
81.38	2.53324e-05
81.4	2.53413e-05
81.42	2.53500e-05
81.44	2.53584e-05
81.46	2.53665e-05
81.48	2.53759e-05
81.5	2.53845e-05
81.52	2.53927e-05
81.54	2.54018e-05
81.56	2.54109e-05
81.58	2.54190e-05
81.6	2.54282e-05
81.62	2.54368e-05
81.64	2.54455e-05
81.66	2.54543e-05
81.68	2.54631e-05
81.7	2.54722e-05
81.72	2.54811e-05
81.74	2.54904e-05
81.76	2.55000e-05
81.78	2.51550e-05
81.8	2.51649e-05
81.82	2.51747e-05
81.84	2.51849e-05
81.86	2.48470e-05
81.88	2.48573e-05
81.9	2.48709e-05
81.92	2.48869e-05
81.94	2.43603e-05
81.96	2.43683e-05
81.98	2.43767e-05
82	2.43853e-05
82.02	2.43938e-05
82.04	2.44020e-05
82.06	2.44101e-05
82.08	2.44193e-05
82.1	2.44269e-05
82.12	2.44362e-05
82.14	2.44446e-05
82.16	2.44529e-05
82.18	2.44618e-05
82.2	2.44699e-05
82.22	2.44784e-05
82.24	2.44877e-05
82.26	2.44959e-05
82.28	2.45048e-05
82.3	2.45135e-05
82.32	2.45224e-05
82.34	2.45308e-05
82.36	2.45402e-05
82.38	2.45479e-05
82.4	2.45572e-05
82.42	2.45660e-05
82.44	2.42263e-05
82.46	2.42348e-05
82.48	2.42437e-05
82.5	2.42521e-05
82.52	2.42613e-05
82.54	2.42697e-05
82.56	2.42787e-05
82.58	2.42872e-05
82.6	2.42961e-05
82.62	2.43049e-05
82.64	2.43142e-05
82.66	2.43227e-05
82.68	2.43313e-05
82.7	2.43405e-05
82.72	2.43500e-05
82.74	2.40041e-05
82.76	2.40129e-05
82.78	2.40220e-05
82.8	2.40305e-05
82.82	2.40398e-05
82.84	2.40489e-05
82.86	2.40571e-05
82.88	2.40667e-05
82.9	2.40760e-05
82.92	2.40849e-05
82.94	2.40933e-05
82.96	2.41030e-05
82.98	2.41125e-05
83	2.41217e-05
83.02	2.41302e-05
83.04	2.41401e-05
83.06	2.38001e-05
83.08	2.38096e-05
83.1	2.38187e-05
83.12	2.38284e-05
83.14	2.38371e-05
83.16	2.38467e-05
83.18	2.38561e-05
83.2	2.38651e-05
83.22	2.38754e-05
83.24	2.11920e-05
83.26	2.04993e-05
83.28	1.98065e-05
83.3	1.94625e-05
83.32	1.91196e-05
83.34	1.87769e-05
83.36	1.87838e-05
83.38	1.84402e-05
83.4	1.84473e-05
83.42	1.81037e-05
83.44	1.81105e-05
83.46	1.77667e-05
83.48	1.77733e-05
83.5	1.77800e-05
83.52	1.74365e-05
83.54	1.74427e-05
83.56	1.70994e-05
83.58	1.71058e-05
83.6	1.71118e-05
83.62	1.71187e-05
83.64	1.67750e-05
83.66	1.67805e-05
83.68	1.67873e-05
83.7	1.64436e-05
83.72	1.60996e-05
83.74	1.57502e-05
83.76	1.57557e-05
83.78	1.57616e-05
83.8	1.54167e-05
83.82	1.54231e-05
83.84	1.54279e-05
83.86	1.54336e-05
83.88	1.54393e-05
83.9	1.54449e-05
83.92	1.51004e-05
83.94	1.51058e-05
83.96	1.51110e-05
83.98	1.51164e-05
84	1.51219e-05
84.02	1.47778e-05
84.04	1.47831e-05
84.06	1.47885e-05
84.08	1.47936e-05
84.1	1.47995e-05
84.12	1.48041e-05
84.14	1.48094e-05
84.16	1.44653e-05
84.18	1.44708e-05
84.2	1.44756e-05
84.22	1.44809e-05
84.24	1.44862e-05
84.26	1.44917e-05
84.28	1.44963e-05
84.3	1.45017e-05
84.32	1.41580e-05
84.34	1.41626e-05
84.36	1.41680e-05
84.38	1.41734e-05
84.4	1.41783e-05
84.42	1.38331e-05
84.44	1.38384e-05
84.46	1.38429e-05
84.48	1.34985e-05
84.5	1.35042e-05
84.52	1.35086e-05
84.54	1.35132e-05
84.56	1.35183e-05
84.58	1.35230e-05
84.6	1.35277e-05
84.62	1.35327e-05
84.64	1.35375e-05
84.66	1.35426e-05
84.68	1.31991e-05
84.7	1.32035e-05
84.72	1.32081e-05
84.74	1.32127e-05
84.76	1.32173e-05
84.78	1.28672e-05
84.8	1.28718e-05
84.82	1.28763e-05
84.84	1.28805e-05
84.86	1.28856e-05
84.88	1.25418e-05
84.9	1.25464e-05
84.92	1.25511e-05
84.94	1.25554e-05
84.96	1.25600e-05
84.98	1.25641e-05
85	1.25686e-05
85.02	1.25733e-05
85.04	1.25776e-05
85.06	1.25819e-05
85.08	1.25872e-05
85.1	1.25912e-05
85.12	1.22475e-05
85.14	1.22520e-05
85.16	1.19055e-05
85.18	1.19097e-05
85.2	1.19139e-05
85.22	1.19179e-05
85.24	1.19222e-05
85.26	1.19265e-05
85.28	1.19309e-05
85.3	1.19347e-05
85.32	1.19390e-05
85.34	1.19436e-05
85.36	1.19473e-05
85.38	1.16044e-05
85.4	1.16080e-05
85.42	1.16127e-05
85.44	1.16164e-05
85.46	1.16209e-05
85.48	1.16249e-05
85.5	1.16285e-05
85.52	1.16328e-05
85.54	1.16371e-05
85.56	1.16412e-05
85.58	1.16455e-05
85.6	1.16498e-05
85.62	1.16535e-05
85.64	1.16583e-05
85.66	1.13149e-05
85.68	1.13192e-05
85.7	1.13231e-05
85.72	1.13273e-05
85.74	1.13308e-05
85.76	1.13355e-05
85.78	1.13392e-05
85.8	1.13434e-05
85.82	1.13480e-05
85.84	1.13518e-05
85.86	1.13557e-05
85.88	1.10046e-05
85.9	1.10086e-05
85.92	1.10121e-05
85.94	1.10166e-05
85.96	1.06687e-05
85.98	1.03256e-05
86	1.03294e-05
86.02	1.03327e-05
86.04	1.03363e-05
86.06	1.03399e-05
86.08	1.03437e-05
86.1	1.03471e-05
86.12	1.03509e-05
86.14	1.03544e-05
86.16	1.03582e-05
86.18	1.03620e-05
86.2	1.03653e-05
86.22	1.03688e-05
86.24	1.03728e-05
86.26	1.03764e-05
86.28	1.03803e-05
86.3	1.03837e-05
86.32	1.00410e-05
86.34	1.00447e-05
86.36	1.00474e-05
86.38	1.00511e-05
86.4	1.00552e-05
86.42	1.00585e-05
86.44	1.00620e-05
86.46	1.00658e-05
86.48	1.00690e-05
86.5	1.00730e-05
86.52	1.00764e-05
86.54	1.00800e-05
86.56	1.00838e-05
86.58	1.00876e-05
86.6	1.00906e-05
86.62	1.00944e-05
86.64	1.00982e-05
86.66	1.01017e-05
86.68	1.01052e-05
86.7	9.76314e-06
86.72	9.76628e-06
86.74	9.76980e-06
86.76	9.77383e-06
86.78	9.77715e-06
86.8	9.78030e-06
86.82	9.43168e-06
86.84	9.43563e-06
86.86	9.43834e-06
86.88	9.44213e-06
86.9	9.44532e-06
86.92	9.44893e-06
86.94	9.45223e-06
86.96	9.45542e-06
86.98	9.45870e-06
87	9.46236e-06
87.02	9.46559e-06
87.04	9.11341e-06
87.06	9.11683e-06
87.08	9.11980e-06
87.1	8.77712e-06
87.12	8.78068e-06
87.14	8.78323e-06
87.16	8.78662e-06
87.18	8.78960e-06
87.2	8.79235e-06
87.22	8.79570e-06
87.24	8.79890e-06
87.26	8.80152e-06
87.28	8.80484e-06
87.3	8.80806e-06
87.32	8.81089e-06
87.34	8.81412e-06
87.36	8.81739e-06
87.38	8.82045e-06
87.4	8.82321e-06
87.42	8.82652e-06
87.44	8.82972e-06
87.46	8.83272e-06
87.48	8.83632e-06
87.5	8.83928e-06
87.52	8.84242e-06
87.54	8.84548e-06
87.56	8.50307e-06
87.58	8.50606e-06
87.6	8.50901e-06
87.62	8.51196e-06
87.64	8.51511e-06
87.66	8.51790e-06
87.68	8.52088e-06
87.7	8.52426e-06
87.72	8.17501e-06
87.74	8.17811e-06
87.76	8.18092e-06
87.78	8.18354e-06
87.8	8.18693e-06
87.82	8.18933e-06
87.84	8.19234e-06
87.86	8.19552e-06
87.88	8.19805e-06
87.9	8.20096e-06
87.92	8.20413e-06
87.94	8.20706e-06
87.96	8.21013e-06
87.98	8.21270e-06
88	8.21605e-06
88.02	8.21889e-06
88.04	7.87591e-06
88.06	7.87888e-06
88.08	7.88177e-06
88.1	7.88457e-06
88.12	7.88726e-06
88.14	7.89033e-06
88.16	7.89265e-06
88.18	7.89556e-06
88.2	7.89872e-06
88.22	7.90142e-06
88.24	7.39914e-06
88.26	7.40126e-06
88.28	7.40409e-06
88.3	7.40697e-06
88.32	7.40928e-06
88.34	7.41177e-06
88.36	7.41447e-06
88.38	7.41712e-06
88.4	7.41973e-06
88.42	7.42249e-06
88.44	7.42520e-06
88.46	7.42781e-06
88.48	7.43030e-06
88.5	7.43296e-06
88.52	7.43581e-06
88.54	7.43832e-06
88.56	7.44078e-06
88.58	7.09823e-06
88.6	7.10040e-06
88.62	7.10330e-06
88.64	7.10548e-06
88.66	7.10771e-06
88.68	6.75853e-06
88.7	6.76069e-06
88.72	6.76313e-06
88.74	6.76554e-06
88.76	6.76768e-06
88.78	6.77031e-06
88.8	6.77234e-06
88.82	6.77485e-06
88.84	6.77708e-06
88.86	6.77929e-06
88.88	6.78204e-06
88.9	6.78435e-06
88.92	6.78649e-06
88.94	6.78893e-06
88.96	6.79148e-06
88.98	6.79374e-06
89	6.79656e-06
89.02	6.79841e-06
89.04	6.80117e-06
89.06	6.80344e-06
89.08	6.80608e-06
89.1	6.80823e-06
89.12	6.81059e-06
89.14	6.46774e-06
89.16	6.46983e-06
89.18	6.47220e-06
89.2	6.47431e-06
89.22	6.47646e-06
89.24	6.47908e-06
89.26	6.48109e-06
89.28	6.48358e-06
89.3	6.48574e-06
89.32	6.48816e-06
89.34	6.49022e-06
89.36	6.49254e-06
89.38	6.49489e-06
89.4	6.49725e-06
89.42	6.49912e-06
89.44	6.50197e-06
89.46	6.50377e-06
89.48	6.50631e-06
89.5	6.50853e-06
89.52	6.51112e-06
89.54	6.51361e-06
89.56	6.51586e-06
89.58	6.51838e-06
89.6	6.52049e-06
89.62	6.52294e-06
89.64	6.52506e-06
89.66	6.52751e-06
89.68	6.52982e-06
89.7	6.17993e-06
89.72	6.18221e-06
89.74	6.18450e-06
89.76	5.84110e-06
89.78	5.84323e-06
89.8	5.84517e-06
89.82	5.84719e-06
89.84	5.84929e-06
89.86	5.85153e-06
89.88	5.85328e-06
89.9	5.85548e-06
89.92	5.85774e-06
89.94	5.85967e-06
89.96	5.86185e-06
89.98	5.86358e-06
90	5.86573e-06
90.02	5.86768e-06
90.04	5.86975e-06
90.06	5.87195e-06
90.08	5.87395e-06
90.1	5.87625e-06
90.12	5.87817e-06
90.14	5.88009e-06
90.16	5.88233e-06
90.18	5.88438e-06
90.2	5.88644e-06
90.22	5.88839e-06
90.24	5.89078e-06
90.26	5.89281e-06
90.28	5.89508e-06
90.3	5.89675e-06
90.32	5.89923e-06
90.34	5.90100e-06
90.36	5.90317e-06
90.38	5.90549e-06
90.4	5.90755e-06
90.42	5.56431e-06
90.44	5.56615e-06
90.46	5.56819e-06
90.48	5.57030e-06
90.5	5.57208e-06
90.52	5.57401e-06
90.54	5.57578e-06
90.56	5.57791e-06
90.58	5.57984e-06
90.6	5.58193e-06
90.62	5.58409e-06
90.64	5.58608e-06
90.66	5.58806e-06
90.68	5.59004e-06
90.7	5.59221e-06
90.72	5.59459e-06
90.74	5.59630e-06
90.76	5.24599e-06
90.78	5.24793e-06
90.8	5.24946e-06
90.82	5.25172e-06
90.84	5.25325e-06
90.86	5.25548e-06
90.88	5.25715e-06
90.9	5.25891e-06
90.92	5.26097e-06
90.94	5.26287e-06
90.96	5.26467e-06
90.98	5.26666e-06
91	5.26848e-06
91.02	5.27029e-06
91.04	5.27211e-06
91.06	5.27432e-06
91.08	5.27611e-06
91.1	5.27789e-06
91.12	4.93359e-06
91.14	4.93541e-06
91.16	4.93721e-06
91.18	4.93855e-06
91.2	4.94069e-06
91.22	4.94233e-06
91.24	4.94411e-06
91.26	4.94566e-06
91.28	4.94736e-06
91.3	4.94933e-06
91.32	4.95080e-06
91.34	4.95274e-06
91.36	4.95470e-06
91.38	4.95635e-06
91.4	4.95832e-06
91.42	4.95975e-06
91.44	4.96166e-06
91.46	4.96331e-06
91.48	4.96534e-06
91.5	4.96713e-06
91.52	4.96897e-06
91.54	4.97074e-06
91.56	4.97244e-06
91.58	4.97431e-06
91.6	4.97616e-06
91.62	4.97774e-06
91.64	4.97980e-06
91.66	4.98167e-06
91.68	4.98350e-06
91.7	4.98541e-06
91.72	4.98708e-06
91.74	4.98875e-06
91.76	4.99084e-06
91.78	4.99262e-06
91.8	4.99463e-06
91.82	4.99626e-06
91.84	4.99844e-06
91.86	5.00020e-06
91.88	4.30310e-06
91.9	4.30430e-06
91.92	4.30575e-06
91.94	4.30727e-06
91.96	4.30874e-06
91.98	4.31042e-06
92	4.31175e-06
92.02	4.31352e-06
92.04	4.31482e-06
92.06	4.31661e-06
92.08	4.31785e-06
92.1	4.31945e-06
92.12	4.32095e-06
92.14	4.32293e-06
92.16	4.32420e-06
92.18	4.32566e-06
92.2	4.32713e-06
92.22	4.32876e-06
92.24	4.33018e-06
92.26	4.33170e-06
92.28	4.33363e-06
92.3	4.33507e-06
92.32	4.33659e-06
92.34	4.33810e-06
92.36	4.33971e-06
92.38	4.34090e-06
92.4	4.34293e-06
92.42	4.34424e-06
92.44	4.34616e-06
92.46	4.34758e-06
92.48	4.34900e-06
92.5	4.35079e-06
92.52	4.35261e-06
92.54	4.35402e-06
92.56	4.35568e-06
92.58	4.35735e-06
92.6	4.35878e-06
92.62	4.36043e-06
92.64	4.36224e-06
92.66	4.36356e-06
92.68	4.01813e-06
92.7	4.01937e-06
92.72	4.02110e-06
92.74	4.02228e-06
92.76	4.02400e-06
92.78	4.02527e-06
92.8	4.02680e-06
92.82	4.02830e-06
92.84	4.02954e-06
92.86	4.03124e-06
92.88	4.03265e-06
92.9	4.03421e-06
92.92	4.03599e-06
92.94	4.03719e-06
92.96	4.03868e-06
92.98	4.04011e-06
93	4.04186e-06
93.02	4.04335e-06
93.04	3.69267e-06
93.06	3.69373e-06
93.08	3.69505e-06
93.1	3.69638e-06
93.12	3.69796e-06
93.14	3.69929e-06
93.16	3.70058e-06
93.18	3.70170e-06
93.2	3.70328e-06
93.22	3.70443e-06
93.24	3.70591e-06
93.26	3.70723e-06
93.28	3.70859e-06
93.3	3.70986e-06
93.32	3.71136e-06
93.34	3.71255e-06
93.36	3.71381e-06
93.38	3.71512e-06
93.4	3.71676e-06
93.42	3.71829e-06
93.44	3.71945e-06
93.46	3.72087e-06
93.48	3.72234e-06
93.5	3.72364e-06
93.52	3.72498e-06
93.54	3.72640e-06
93.56	3.37957e-06
93.58	3.38104e-06
93.6	3.38201e-06
93.62	3.38339e-06
93.64	3.38451e-06
93.66	3.38577e-06
93.68	3.38701e-06
93.7	3.38822e-06
93.72	3.38928e-06
93.74	3.39057e-06
93.76	3.39170e-06
93.78	3.39308e-06
93.8	3.39438e-06
93.82	3.39541e-06
93.84	3.39682e-06
93.86	3.39809e-06
93.88	3.39928e-06
93.9	3.40074e-06
93.92	3.40187e-06
93.94	3.40320e-06
93.96	3.40439e-06
93.98	3.40583e-06
94	3.40679e-06
94.02	3.40826e-06
94.04	3.40973e-06
94.06	3.41072e-06
94.08	3.41207e-06
94.1	3.41347e-06
94.12	3.41466e-06
94.14	3.41628e-06
94.16	3.41724e-06
94.18	3.41857e-06
94.2	3.41988e-06
94.22	3.42136e-06
94.24	3.42255e-06
94.26	3.07219e-06
94.28	3.07320e-06
94.3	3.07429e-06
94.32	3.07554e-06
94.34	3.07664e-06
94.36	3.07782e-06
94.38	3.07897e-06
94.4	3.07999e-06
94.42	3.08120e-06
94.44	3.08222e-06
94.46	2.73517e-06
94.48	2.73616e-06
94.5	2.73713e-06
94.52	2.73802e-06
94.54	2.73900e-06
94.56	2.73982e-06
94.58	2.74102e-06
94.6	2.74186e-06
94.62	2.74288e-06
94.64	2.74384e-06
94.66	2.74492e-06
94.68	2.74587e-06
94.7	2.74690e-06
94.72	2.74799e-06
94.74	2.74876e-06
94.76	2.74980e-06
94.78	2.75074e-06
94.8	2.75184e-06
94.82	2.75273e-06
94.84	2.75388e-06
94.86	2.75489e-06
94.88	2.75598e-06
94.9	2.75687e-06
94.92	2.75791e-06
94.94	2.75903e-06
94.96	2.76000e-06
94.98	2.76110e-06
95	2.76206e-06
95.02	2.76286e-06
95.04	2.76411e-06
95.06	2.76519e-06
95.08	2.76604e-06
95.1	2.76719e-06
95.12	2.76826e-06
95.14	2.76937e-06
95.16	2.77035e-06
95.18	2.77136e-06
95.2	2.77258e-06
95.22	2.77359e-06
95.24	2.77481e-06
95.26	2.77552e-06
95.28	2.77675e-06
95.3	2.77788e-06
95.32	2.77887e-06
95.34	2.78011e-06
95.36	2.78125e-06
95.38	2.78212e-06
95.4	2.78331e-06
95.42	2.78447e-06
95.44	2.43697e-06
95.46	2.43794e-06
95.48	2.43909e-06
95.5	2.43976e-06
95.52	2.08929e-06
95.54	2.09011e-06
95.56	2.09082e-06
95.58	2.09168e-06
95.6	2.09244e-06
95.62	2.09312e-06
95.64	2.09372e-06
95.66	2.09457e-06
95.68	2.09534e-06
95.7	2.09597e-06
95.72	2.09673e-06
95.74	2.09756e-06
95.76	2.09812e-06
95.78	2.09884e-06
95.8	2.09976e-06
95.82	2.10067e-06
95.84	2.10121e-06
95.86	2.10201e-06
95.88	2.10278e-06
95.9	2.10361e-06
95.92	2.10423e-06
95.94	2.10495e-06
95.96	2.10574e-06
95.98	2.10658e-06
96	2.10717e-06
96.02	2.10803e-06
96.04	2.10887e-06
96.06	2.10955e-06
96.08	2.11038e-06
96.1	2.11116e-06
96.12	2.11202e-06
96.14	2.11256e-06
96.16	2.11342e-06
96.18	2.11426e-06
96.2	2.11497e-06
96.22	2.11589e-06
96.24	2.11664e-06
96.26	2.11730e-06
96.28	2.11813e-06
96.3	2.11905e-06
96.32	2.11972e-06
96.34	2.12049e-06
96.36	2.12133e-06
96.38	2.12213e-06
96.4	2.12294e-06
96.42	2.12372e-06
96.44	2.12450e-06
96.46	1.77714e-06
96.48	1.77779e-06
96.5	1.77827e-06
96.52	1.77907e-06
96.54	1.77960e-06
96.56	1.78022e-06
96.58	1.78087e-06
96.6	1.78141e-06
96.62	1.78215e-06
96.64	1.78274e-06
96.66	1.78334e-06
96.68	1.78402e-06
96.7	1.78467e-06
96.72	1.78527e-06
96.74	1.78583e-06
96.76	1.78654e-06
96.78	1.78714e-06
96.8	1.78782e-06
96.82	1.78848e-06
96.84	1.78902e-06
96.86	1.78976e-06
96.88	1.79041e-06
96.9	1.79107e-06
96.92	1.79178e-06
96.94	1.79241e-06
96.96	1.79306e-06
96.98	1.79366e-06
97	1.79435e-06
97.02	1.79500e-06
97.04	1.79554e-06
97.06	1.79629e-06
97.08	1.79688e-06
97.1	1.79760e-06
97.12	1.79820e-06
97.14	1.79900e-06
97.16	1.79966e-06
97.18	1.80020e-06
97.2	1.80092e-06
97.22	1.80161e-06
97.24	1.80238e-06
97.26	1.80304e-06
97.28	1.80365e-06
97.3	1.80433e-06
97.32	1.80505e-06
97.34	1.80566e-06
97.36	1.80644e-06
97.38	1.80718e-06
97.4	1.80779e-06
97.42	1.80857e-06
97.44	1.80929e-06
97.46	1.80991e-06
97.48	1.81070e-06
97.5	1.81136e-06
97.52	1.81202e-06
97.54	1.46452e-06
97.56	1.46508e-06
97.58	1.46556e-06
97.6	1.46604e-06
97.62	1.46657e-06
97.64	1.46711e-06
97.66	1.46765e-06
97.68	1.46809e-06
97.7	1.46869e-06
97.72	1.46917e-06
97.74	1.46976e-06
97.76	1.47030e-06
97.78	1.47069e-06
97.8	1.47134e-06
97.82	1.47188e-06
97.84	1.47236e-06
97.86	1.47302e-06
97.88	1.47355e-06
97.9	1.47403e-06
97.92	1.47460e-06
97.94	1.47502e-06
97.96	1.47556e-06
97.98	1.47622e-06
98	1.47675e-06
98.02	1.47723e-06
98.04	1.47783e-06
98.06	1.47825e-06
98.08	1.47897e-06
98.1	1.47948e-06
98.12	1.48002e-06
98.14	1.48062e-06
98.16	1.48122e-06
98.18	1.48176e-06
98.2	1.48230e-06
98.22	1.48290e-06
98.24	1.48344e-06
98.26	1.48392e-06
98.28	1.48446e-06
98.3	1.48500e-06
98.32	1.48555e-06
98.34	1.48621e-06
98.36	1.48669e-06
98.38	1.48735e-06
98.4	1.48801e-06
98.42	1.48850e-06
98.44	1.48904e-06
98.46	1.48958e-06
98.48	1.49018e-06
98.5	1.49091e-06
98.52	1.49139e-06
98.54	1.49211e-06
98.56	1.49260e-06
98.58	1.49320e-06
98.6	1.49387e-06
98.62	1.49429e-06
98.64	1.49502e-06
98.66	1.49562e-06
98.68	1.14800e-06
98.7	1.14848e-06
98.72	1.14884e-06
98.74	1.14932e-06
98.76	1.14974e-06
98.78	1.15016e-06
98.8	1.15058e-06
98.82	1.15100e-06
98.84	1.15141e-06
98.86	1.15180e-06
98.88	1.15228e-06
98.9	1.15259e-06
98.92	1.15307e-06
98.94	1.15354e-06
98.96	1.15390e-06
98.98	1.15432e-06
99	1.15474e-06
99.02	1.15522e-06
99.04	1.15568e-06
99.06	1.15610e-06
99.08	1.15652e-06
99.1	1.15694e-06
99.12	1.15736e-06
99.14	1.15778e-06
99.16	1.15829e-06
99.18	1.15871e-06
99.2	1.15913e-06
99.22	1.15956e-06
99.24	1.16004e-06
99.26	1.16037e-06
99.28	1.16085e-06
99.3	1.16127e-06
99.32	1.16176e-06
99.34	1.16218e-06
99.36	1.16263e-06
99.38	1.16305e-06
99.4	1.16360e-06
99.42	1.16405e-06
99.44	1.16448e-06
99.46	1.16493e-06
99.48	1.16535e-06
99.5	1.16583e-06
99.52	1.16632e-06
99.54	1.16686e-06
99.56	1.16732e-06
99.58	1.16774e-06
99.6	1.16823e-06
99.62	1.16868e-06
99.64	1.16910e-06
99.66	1.16965e-06
99.68	1.17005e-06
99.7	1.17059e-06
99.72	1.17111e-06
99.74	1.17159e-06
99.76	1.17208e-06
99.78	1.17248e-06
99.8	1.17302e-06
99.82	1.17351e-06
99.84	1.17397e-06
99.86	8.26478e-07
99.88	8.26808e-07
99.9	8.27108e-07
99.92	8.27440e-07
99.94	8.27740e-07
99.96	8.28011e-07
99.98	8.28312e-07
100	8.28703e-07
