# BINNING-MACT: MIN=-0.1 BINWIDTH=0.2
# GP-LABEL-MACT: M_{act} / M_{/CMSY10 \014}
# 1: MACT / Msun	2: probability
4.8	8.95981e-05
5	5.11770e-02
5.2	4.86733e-02
5.4	4.55722e-02
5.6	4.28532e-02
5.8	4.05731e-02
6	3.88237e-02
6.2	3.65013e-02
6.4	3.43171e-02
6.6	3.22578e-02
6.8	3.02929e-02
7	2.84929e-02
7.2	2.68833e-02
7.4	2.53683e-02
7.6	2.39374e-02
7.8	2.24987e-02
8	2.09215e-02
8.2	1.97532e-02
8.4	1.86588e-02
8.6	1.76280e-02
8.8	1.66587e-02
9	1.57494e-02
9.2	1.49233e-02
9.4	1.41456e-02
9.6	1.34121e-02
9.8	1.27217e-02
10	1.20753e-02
10.2	1.14679e-02
10.4	1.08923e-02
10.6	1.03494e-02
10.8	9.83757e-03
11	9.35439e-03
11.2	8.89798e-03
11.4	8.46730e-03
11.6	8.05818e-03
11.8	7.67169e-03
12	7.31379e-03
12.2	6.97549e-03
12.4	6.65772e-03
12.6	6.35679e-03
12.8	6.06953e-03
13	5.80147e-03
13.2	5.55049e-03
13.4	5.31522e-03
13.6	5.09015e-03
13.8	4.87588e-03
14	4.67318e-03
14.2	4.47910e-03
14.4	4.29451e-03
14.6	4.12049e-03
14.8	3.95310e-03
15	3.80288e-03
15.2	3.65920e-03
15.4	3.52022e-03
15.6	3.39668e-03
15.8	3.27884e-03
16	3.20685e-03
16.2	3.11455e-03
16.4	2.98122e-03
16.6	2.84937e-03
16.8	2.71077e-03
17	2.61302e-03
17.2	2.51969e-03
17.4	2.43022e-03
17.6	2.34424e-03
17.8	2.26457e-03
18	2.18627e-03
18.2	2.11441e-03
18.4	2.04283e-03
18.6	1.97637e-03
18.8	1.91372e-03
19	1.85776e-03
19.2	1.79845e-03
19.4	1.74479e-03
19.6	1.69021e-03
19.8	1.64254e-03
20	1.59721e-03
20.2	1.55277e-03
20.4	1.50760e-03
20.6	1.45989e-03
20.8	1.41044e-03
21	1.36393e-03
21.2	1.31927e-03
21.4	1.27624e-03
21.6	1.23538e-03
21.8	1.19556e-03
22	1.15765e-03
22.2	1.11841e-03
22.4	1.07892e-03
22.6	1.04349e-03
22.8	1.01426e-03
23	9.86426e-04
23.2	9.59439e-04
23.4	9.32370e-04
23.6	9.06570e-04
23.8	8.81072e-04
24	8.57504e-04
24.2	8.33378e-04
24.4	8.10288e-04
24.6	7.90665e-04
24.8	7.70882e-04
25	7.51253e-04
25.2	7.31124e-04
25.4	7.12790e-04
25.6	6.93048e-04
25.8	6.75290e-04
26	6.56806e-04
26.2	6.39357e-04
26.4	6.22471e-04
26.6	6.06411e-04
26.8	5.90928e-04
27	5.76029e-04
27.2	5.60550e-04
27.4	5.46624e-04
27.6	5.33820e-04
27.8	5.20599e-04
28	5.07736e-04
28.2	4.95163e-04
28.4	4.83699e-04
28.6	4.71603e-04
28.8	4.61093e-04
29	4.50903e-04
29.2	4.40230e-04
29.4	4.30394e-04
29.6	4.20698e-04
29.8	4.11498e-04
30	4.01675e-04
30.2	3.92089e-04
30.4	3.82645e-04
30.6	3.73984e-04
30.8	3.65325e-04
31	3.56716e-04
31.2	3.48695e-04
31.4	3.40317e-04
31.6	3.32702e-04
31.8	3.25014e-04
32	3.17314e-04
32.2	3.10114e-04
32.4	3.02367e-04
32.6	2.95890e-04
32.8	2.88658e-04
33	2.81500e-04
33.2	2.75255e-04
33.4	2.68526e-04
33.6	2.63391e-04
33.8	2.58098e-04
34	2.52214e-04
34.2	2.47650e-04
34.4	2.42095e-04
34.6	2.37432e-04
34.8	2.32697e-04
35	2.28365e-04
35.2	2.23422e-04
35.4	2.18771e-04
35.6	2.14743e-04
35.8	2.10848e-04
36	2.06319e-04
36.2	2.02625e-04
36.4	1.98449e-04
36.6	1.95018e-04
36.8	1.91149e-04
37	1.87411e-04
37.2	1.83872e-04
37.4	1.80130e-04
37.6	1.76826e-04
37.8	1.73643e-04
38	1.70566e-04
38.2	1.67188e-04
38.4	1.64256e-04
38.6	1.61051e-04
38.8	1.58297e-04
39	1.55273e-04
39.2	1.52481e-04
39.4	1.49535e-04
39.6	1.46811e-04
39.8	1.43797e-04
40	1.41436e-04
40.2	1.38809e-04
40.4	1.36266e-04
40.6	1.33799e-04
40.8	1.31302e-04
41	1.29121e-04
41.2	1.26926e-04
41.4	1.24351e-04
41.6	1.22392e-04
41.8	1.20163e-04
42	1.18087e-04
42.2	1.16303e-04
42.4	1.13982e-04
42.6	1.12427e-04
42.8	1.10774e-04
43	1.09008e-04
43.2	1.07920e-04
43.4	1.05567e-04
43.6	1.03880e-04
43.8	1.02210e-04
44	1.00596e-04
44.2	9.89914e-05
44.4	9.71857e-05
44.6	9.57692e-05
44.8	9.40489e-05
45	9.23779e-05
45.2	9.14067e-05
45.4	8.95829e-05
45.6	8.84012e-05
45.8	8.68802e-05
46	8.52009e-05
46.2	8.41920e-05
46.4	8.26899e-05
46.6	8.16294e-05
46.8	8.03205e-05
47	7.87684e-05
47.2	7.77723e-05
47.4	7.63499e-05
47.6	7.54253e-05
47.8	7.44409e-05
48	7.30417e-05
48.2	7.19089e-05
48.4	7.08167e-05
48.6	6.97827e-05
48.8	6.88146e-05
49	6.76455e-05
49.2	6.69806e-05
49.4	6.54307e-05
49.6	6.48552e-05
49.8	6.37717e-05
50	6.30626e-05
50.2	6.17636e-05
50.4	6.11994e-05
50.6	6.00809e-05
50.8	5.93674e-05
51	5.84667e-05
51.2	5.75317e-05
51.4	5.68442e-05
51.6	5.59016e-05
51.8	5.53254e-05
52	5.43798e-05
52.2	5.36158e-05
52.4	5.28282e-05
52.6	5.21377e-05
52.8	5.14305e-05
53	5.08578e-05
53.2	4.98661e-05
53.4	4.92594e-05
53.6	4.85733e-05
53.8	4.78712e-05
54	4.71490e-05
54.2	4.67976e-05
54.4	4.58301e-05
54.6	4.53605e-05
54.8	4.47550e-05
55	4.40274e-05
55.2	4.36031e-05
55.4	4.28755e-05
55.6	4.23478e-05
55.8	4.19354e-05
56	4.10652e-05
56.2	4.08579e-05
56.4	4.00639e-05
56.6	3.95649e-05
56.8	3.91350e-05
57	3.85463e-05
57.2	3.81555e-05
57.4	3.74768e-05
57.6	3.71991e-05
57.8	3.65406e-05
58	3.61229e-05
58.2	3.57654e-05
58.4	3.51416e-05
58.6	3.47640e-05
58.8	3.42382e-05
59	3.40279e-05
59.2	3.34332e-05
59.4	3.29666e-05
59.6	3.25692e-05
59.8	3.22691e-05
60	3.18155e-05
60.2	3.13079e-05
60.4	3.11011e-05
60.6	3.06635e-05
60.8	3.01375e-05
61	2.99787e-05
61.2	2.94784e-05
61.4	2.90772e-05
61.6	2.88456e-05
61.8	2.83589e-05
62	2.82300e-05
62.2	2.76010e-05
62.4	2.73378e-05
62.6	2.71040e-05
62.8	2.67206e-05
63	2.64766e-05
63.2	2.60734e-05
63.4	2.56689e-05
63.6	2.54972e-05
63.8	2.51153e-05
64	2.48754e-05
64.2	2.44215e-05
64.4	2.42201e-05
64.6	2.39172e-05
64.8	2.37272e-05
65	2.32401e-05
65.2	2.30881e-05
65.4	2.26555e-05
65.6	2.26536e-05
65.8	2.22397e-05
66	2.18898e-05
66.2	2.17095e-05
66.4	2.16152e-05
66.6	2.12970e-05
66.8	2.09031e-05
67	2.07419e-05
67.2	2.06642e-05
67.4	2.03737e-05
67.6	2.00259e-05
67.8	1.97941e-05
68	1.97424e-05
68.2	1.94005e-05
68.4	1.92491e-05
68.6	1.89963e-05
68.8	1.87642e-05
69	1.87872e-05
69.2	1.84338e-05
69.4	1.80587e-05
69.6	1.81278e-05
69.8	1.79630e-05
70	1.77045e-05
70.2	1.73787e-05
70.4	1.72470e-05
70.6	1.73015e-05
70.8	1.70128e-05
71	1.67226e-05
71.2	1.64885e-05
71.4	1.65905e-05
71.6	1.62271e-05
71.8	1.60743e-05
72	1.59817e-05
72.2	1.58658e-05
72.4	1.56329e-05
72.6	1.54078e-05
72.8	1.53134e-05
73	1.52448e-05
73.2	1.50159e-05
73.4	1.48225e-05
73.6	1.47780e-05
73.8	1.44553e-05
74	1.44722e-05
74.2	1.43525e-05
74.4	1.40883e-05
74.6	1.40786e-05
74.8	1.38649e-05
75	1.36815e-05
75.2	1.37089e-05
75.4	1.34164e-05
75.6	1.32904e-05
75.8	1.32932e-05
76	1.31033e-05
76.2	1.29982e-05
76.4	1.27930e-05
76.6	1.26800e-05
76.8	1.26089e-05
77	1.26287e-05
77.2	1.23469e-05
77.4	1.21631e-05
77.6	1.21071e-05
77.8	1.20862e-05
78	1.19088e-05
78.2	1.18405e-05
78.4	1.16809e-05
78.6	1.15172e-05
78.8	1.14502e-05
79	1.14558e-05
79.2	1.12693e-05
79.4	1.11352e-05
79.6	1.10383e-05
79.8	1.09349e-05
80	1.09365e-05
80.2	1.07894e-05
80.4	1.06133e-05
80.6	1.05805e-05
80.8	1.03941e-05
81	1.04323e-05
81.2	1.03073e-05
81.4	1.01753e-05
81.6	1.01077e-05
81.8	9.96341e-06
82	9.95128e-06
82.2	9.84055e-06
82.4	9.73508e-06
82.6	9.70037e-06
82.8	9.56604e-06
83	9.44426e-06
83.2	9.36160e-06
83.4	9.35653e-06
83.6	9.27763e-06
83.8	9.15265e-06
84	9.06802e-06
84.2	8.98400e-06
84.4	8.90539e-06
84.6	8.85845e-06
84.8	8.74922e-06
85	8.66199e-06
85.2	8.59788e-06
85.4	8.53614e-06
85.6	8.44546e-06
85.8	8.41694e-06
86	8.36904e-06
86.2	8.20097e-06
86.4	8.15907e-06
86.6	8.06704e-06
86.8	8.06521e-06
87	8.01336e-06
87.2	7.85147e-06
87.4	7.78205e-06
87.6	7.72376e-06
87.8	7.75849e-06
88	7.67420e-06
88.2	7.57090e-06
88.4	7.48601e-06
88.6	7.48498e-06
88.8	7.31636e-06
89	7.32294e-06
89.2	7.24884e-06
89.4	7.19595e-06
89.6	7.09812e-06
89.8	7.09786e-06
90	7.03350e-06
90.2	6.99555e-06
90.4	6.87571e-06
90.6	6.83471e-06
90.8	6.77238e-06
91	6.71523e-06
91.2	6.64376e-06
91.4	6.64756e-06
91.6	6.59488e-06
91.8	6.56131e-06
92	6.42277e-06
92.2	6.38913e-06
92.4	6.38228e-06
92.6	6.28970e-06
92.8	6.22643e-06
93	6.18774e-06
93.2	6.19936e-06
93.4	6.10405e-06
93.6	6.01763e-06
93.8	6.05238e-06
94	5.99413e-06
94.2	5.87922e-06
94.4	5.83688e-06
94.6	5.81488e-06
94.8	5.82264e-06
95	5.75131e-06
95.2	5.67456e-06
95.4	5.64110e-06
95.6	5.62585e-06
95.8	5.49561e-06
96	5.49990e-06
96.2	5.50303e-06
96.4	5.47858e-06
96.6	5.41692e-06
96.8	5.30549e-06
97	5.28441e-06
97.2	5.27752e-06
97.4	5.25737e-06
97.6	5.19077e-06
97.8	5.11482e-06
98	5.12476e-06
98.2	5.06555e-06
98.4	5.05991e-06
98.6	4.99660e-06
98.8	4.92762e-06
99	4.92803e-06
99.2	4.86684e-06
99.4	4.84990e-06
99.6	4.82966e-06
99.8	4.76838e-06
100	4.76676e-06
100.2	4.72896e-06
100.4	4.64860e-06
100.6	4.63696e-06
100.8	4.60415e-06
101	4.56019e-06
101.2	4.57375e-06
101.4	4.49226e-06
101.6	4.50296e-06
101.8	4.43599e-06
102	4.39980e-06
102.2	4.40275e-06
102.4	4.37593e-06
102.6	4.33098e-06
102.8	4.31403e-06
103	4.28346e-06
103.2	4.28127e-06
103.4	4.19639e-06
103.6	4.15516e-06
103.8	4.10773e-06
104	4.10009e-06
104.2	4.05959e-06
104.4	4.03357e-06
104.6	4.03013e-06
104.8	3.98400e-06
105	3.95369e-06
105.2	3.92221e-06
105.4	3.90443e-06
105.6	3.85820e-06
105.8	3.81643e-06
106	3.78231e-06
106.2	3.81998e-06
106.4	3.76874e-06
106.6	3.73255e-06
106.8	3.66310e-06
107	3.62905e-06
107.2	3.62915e-06
107.4	3.60223e-06
107.6	3.60398e-06
107.8	3.58887e-06
108	3.56412e-06
108.2	3.50764e-06
108.4	3.47191e-06
108.6	3.47185e-06
108.8	3.47220e-06
109	3.44375e-06
109.2	3.39149e-06
109.4	3.34438e-06
109.6	3.36132e-06
109.8	3.29536e-06
110	3.29316e-06
110.2	3.26652e-06
110.4	3.26693e-06
110.6	3.24413e-06
110.8	3.20338e-06
111	3.21215e-06
111.2	3.17885e-06
111.4	3.16506e-06
111.6	3.12026e-06
111.8	3.09475e-06
112	3.08099e-06
112.2	3.06618e-06
112.4	3.05186e-06
112.6	3.03041e-06
112.8	2.99112e-06
113	2.99023e-06
113.2	2.98997e-06
113.4	2.93693e-06
113.6	2.91402e-06
113.8	2.91137e-06
114	2.88293e-06
114.2	2.86594e-06
114.4	2.84360e-06
114.6	2.82902e-06
114.8	2.78935e-06
115	2.79279e-06
115.2	2.78032e-06
115.4	2.75310e-06
115.6	2.71345e-06
115.8	2.69589e-06
116	2.68761e-06
116.2	2.66799e-06
116.4	2.65878e-06
116.6	2.62686e-06
116.8	2.59028e-06
117	2.60587e-06
117.2	2.56702e-06
117.4	2.57105e-06
117.6	2.55741e-06
117.8	2.50831e-06
118	2.49662e-06
118.2	2.46872e-06
118.4	2.47557e-06
118.6	2.44069e-06
118.8	2.44445e-06
119	2.43386e-06
119.2	2.40128e-06
119.4	2.40590e-06
119.6	2.37754e-06
119.8	2.37471e-06
120	2.36932e-06
120.2	2.32388e-06
120.4	2.32134e-06
120.6	2.32526e-06
120.8	2.29551e-06
121	2.27121e-06
121.2	2.27514e-06
121.4	2.23314e-06
121.6	2.22100e-06
121.8	2.21632e-06
122	2.22208e-06
122.2	2.20662e-06
122.4	2.18161e-06
122.6	2.14699e-06
122.8	2.14069e-06
123	2.13203e-06
123.2	2.12751e-06
123.4	2.12051e-06
123.6	2.11036e-06
123.8	2.11881e-06
124	2.09282e-06
124.2	2.06885e-06
124.4	2.03903e-06
124.6	2.03406e-06
124.8	2.03629e-06
125	2.02384e-06
125.2	2.00093e-06
125.4	1.99571e-06
125.6	1.98108e-06
125.8	1.96648e-06
126	1.95067e-06
126.2	1.93974e-06
126.4	1.92457e-06
126.6	1.92862e-06
126.8	1.93679e-06
127	1.90459e-06
127.2	1.90589e-06
127.4	1.87512e-06
127.6	1.86162e-06
127.8	1.83696e-06
128	1.84542e-06
128.2	1.83861e-06
128.4	1.82586e-06
128.6	1.81293e-06
128.8	1.79865e-06
129	1.78643e-06
129.2	1.79127e-06
129.4	1.77737e-06
129.6	1.77171e-06
129.8	1.75812e-06
130	1.73721e-06
130.2	1.72793e-06
130.4	1.72178e-06
130.6	1.70409e-06
130.8	1.68306e-06
131	1.68390e-06
131.2	1.67157e-06
131.4	1.66991e-06
131.6	1.66571e-06
131.8	1.64874e-06
132	1.64325e-06
132.2	1.63501e-06
132.4	1.63316e-06
132.6	1.60950e-06
132.8	1.59499e-06
133	1.60174e-06
133.2	1.59012e-06
133.4	1.57169e-06
133.6	1.56641e-06
133.8	1.54923e-06
134	1.55460e-06
134.2	1.54411e-06
134.4	1.53090e-06
134.6	1.53315e-06
134.8	1.52144e-06
135	1.50225e-06
135.2	1.48404e-06
135.4	1.49298e-06
135.6	1.48693e-06
135.8	1.47403e-06
136	1.46075e-06
136.2	1.46083e-06
136.4	1.45113e-06
136.6	1.43318e-06
136.8	1.42959e-06
137	1.42432e-06
137.2	1.41816e-06
137.4	1.40164e-06
137.6	1.39925e-06
137.8	1.40457e-06
138	1.38831e-06
138.2	1.37705e-06
138.4	1.37854e-06
138.6	1.37486e-06
138.8	1.35950e-06
139	1.37277e-06
139.2	1.34020e-06
139.4	1.31661e-06
139.6	1.31829e-06
139.8	1.31117e-06
140	1.31024e-06
140.2	1.29792e-06
140.4	1.28831e-06
140.6	1.29388e-06
140.8	1.29466e-06
141	1.27177e-06
141.2	1.27790e-06
141.4	1.26899e-06
141.6	1.26949e-06
141.8	1.25407e-06
142	1.25183e-06
142.2	1.24592e-06
142.4	1.23807e-06
142.6	1.22459e-06
142.8	1.20737e-06
143	1.20296e-06
143.2	1.19820e-06
143.4	1.19390e-06
143.6	1.19190e-06
143.8	1.18632e-06
144	1.18395e-06
144.2	1.17574e-06
144.4	1.16655e-06
144.6	1.16810e-06
144.8	1.15803e-06
145	1.14257e-06
145.2	1.14805e-06
145.4	1.13883e-06
145.6	1.13449e-06
145.8	1.12469e-06
146	1.12777e-06
146.2	1.11937e-06
146.4	1.11278e-06
146.6	1.10296e-06
146.8	1.09611e-06
147	1.10418e-06
147.2	1.10434e-06
147.4	1.08086e-06
147.6	1.07311e-06
147.8	1.07828e-06
148	1.06745e-06
148.2	1.06877e-06
148.4	1.04887e-06
148.6	1.04693e-06
148.8	1.04529e-06
149	1.04157e-06
149.2	1.03334e-06
149.4	1.03505e-06
149.6	1.02664e-06
149.8	1.01479e-06
150	1.02647e-06
150.2	1.00477e-06
150.4	1.00444e-06
150.6	1.00458e-06
150.8	9.90040e-07
151	9.80562e-07
151.2	9.88924e-07
151.4	9.76677e-07
151.6	9.71855e-07
151.8	9.69727e-07
152	9.60217e-07
152.2	9.58080e-07
152.4	9.52287e-07
152.6	9.47426e-07
152.8	9.38093e-07
153	9.33290e-07
153.2	9.33491e-07
153.4	9.31226e-07
153.6	9.27156e-07
153.8	9.15863e-07
154	9.17421e-07
154.2	9.07195e-07
154.4	9.07806e-07
154.6	9.04839e-07
154.8	8.97758e-07
155	8.97454e-07
155.2	8.90033e-07
155.4	8.77520e-07
155.6	8.84724e-07
155.8	8.74519e-07
156	8.67924e-07
156.2	8.65554e-07
156.4	8.56169e-07
156.6	8.53944e-07
156.8	8.50732e-07
157	8.46348e-07
157.2	8.39125e-07
157.4	8.39050e-07
157.6	8.39788e-07
157.8	8.35196e-07
158	8.23667e-07
158.2	8.24500e-07
158.4	8.22980e-07
158.6	8.11426e-07
158.8	8.14823e-07
159	8.07393e-07
159.2	8.01731e-07
159.4	8.10095e-07
159.6	7.96300e-07
159.8	7.91381e-07
160	7.89941e-07
160.2	7.83108e-07
160.4	7.84338e-07
160.6	7.73332e-07
160.8	7.81505e-07
161	7.66960e-07
161.2	7.61562e-07
161.4	7.66075e-07
161.6	7.58289e-07
161.8	7.50053e-07
162	7.48502e-07
162.2	7.46906e-07
162.4	7.44779e-07
162.6	7.46794e-07
162.8	7.37114e-07
163	7.35263e-07
163.2	7.25431e-07
163.4	7.30017e-07
163.6	7.27582e-07
163.8	7.22390e-07
164	7.20833e-07
164.2	7.17869e-07
164.4	7.07081e-07
164.6	7.09656e-07
164.8	6.99525e-07
165	7.02321e-07
165.2	6.95960e-07
165.4	7.00085e-07
165.6	6.86570e-07
165.8	6.87175e-07
166	6.83211e-07
166.2	6.74732e-07
166.4	6.77532e-07
166.6	6.75838e-07
166.8	6.71053e-07
167	6.65139e-07
167.2	6.67304e-07
167.4	6.73699e-07
167.6	6.63253e-07
167.8	6.54917e-07
168	6.60978e-07
168.2	6.54127e-07
168.4	6.51857e-07
168.6	6.50974e-07
168.8	6.45917e-07
169	6.50404e-07
169.2	6.40204e-07
169.4	6.35228e-07
169.6	6.30817e-07
169.8	6.28053e-07
170	6.24507e-07
170.2	6.20104e-07
170.4	6.20345e-07
170.6	6.24799e-07
170.8	6.15877e-07
171	6.07689e-07
171.2	6.11788e-07
171.4	6.08507e-07
171.6	5.97883e-07
171.8	6.00867e-07
172	5.99583e-07
172.2	5.96913e-07
172.4	5.93011e-07
172.6	5.93149e-07
172.8	5.90665e-07
173	5.86163e-07
173.2	5.86241e-07
173.4	5.85700e-07
173.6	5.81871e-07
173.8	5.76341e-07
174	5.74555e-07
174.2	5.69183e-07
174.4	5.69791e-07
174.6	5.75477e-07
174.8	5.64810e-07
175	5.64728e-07
175.2	5.61015e-07
175.4	5.53306e-07
175.6	5.51256e-07
175.8	5.49853e-07
176	5.46327e-07
176.2	5.55843e-07
176.4	5.47390e-07
176.6	5.43867e-07
176.8	5.40084e-07
177	5.38272e-07
177.2	5.40262e-07
177.4	5.36257e-07
177.6	5.37152e-07
177.8	5.26827e-07
178	5.30324e-07
178.2	5.22470e-07
178.4	5.21316e-07
178.6	5.16543e-07
178.8	5.20389e-07
179	5.14675e-07
179.2	5.14600e-07
179.4	5.10397e-07
179.6	5.08399e-07
179.8	5.06437e-07
180	5.07985e-07
180.2	5.03631e-07
180.4	4.95107e-07
180.6	4.94877e-07
180.8	4.98304e-07
181	4.97045e-07
181.2	4.98738e-07
181.4	4.91689e-07
181.6	4.93176e-07
181.8	4.90170e-07
182	4.87032e-07
182.2	4.86267e-07
182.4	4.78181e-07
182.6	4.81562e-07
182.8	4.76351e-07
183	4.74713e-07
183.2	4.70692e-07
183.4	4.69822e-07
183.6	4.70969e-07
183.8	4.66937e-07
184	4.63766e-07
184.2	4.64072e-07
184.4	4.59882e-07
184.6	4.63948e-07
184.8	4.54151e-07
185	4.55435e-07
185.2	4.53143e-07
185.4	4.54290e-07
185.6	4.55724e-07
185.8	4.48366e-07
186	4.44308e-07
186.2	4.45263e-07
186.4	4.40345e-07
186.6	4.42150e-07
186.8	4.38427e-07
187	4.36636e-07
187.2	4.35500e-07
187.4	4.29066e-07
187.6	4.33040e-07
187.8	4.31857e-07
188	4.28670e-07
188.2	4.27886e-07
188.4	4.25571e-07
188.6	4.26439e-07
188.8	4.23647e-07
189	4.18457e-07
189.2	4.17528e-07
189.4	4.17284e-07
189.6	4.15992e-07
189.8	4.16178e-07
190	4.09822e-07
190.2	4.09296e-07
190.4	4.12699e-07
190.6	4.14869e-07
190.8	4.10953e-07
191	4.02384e-07
191.2	4.07962e-07
191.4	4.00204e-07
191.6	4.01636e-07
191.8	3.98393e-07
192	3.96124e-07
192.2	3.96266e-07
192.4	3.88813e-07
192.6	3.90936e-07
192.8	3.89879e-07
193	3.82445e-07
193.2	3.82424e-07
193.4	3.81297e-07
193.6	3.80029e-07
193.8	3.81939e-07
194	3.77790e-07
194.2	3.75684e-07
194.4	3.77241e-07
194.6	3.76261e-07
194.8	3.79005e-07
195	3.77498e-07
195.2	3.74186e-07
195.4	3.74040e-07
195.6	3.70336e-07
195.8	3.69807e-07
196	3.68477e-07
196.2	3.66673e-07
196.4	3.69125e-07
196.6	3.67090e-07
196.8	3.64378e-07
197	3.60544e-07
197.2	3.57907e-07
197.4	3.59902e-07
197.6	3.54979e-07
197.8	3.52278e-07
198	3.53329e-07
198.2	3.49925e-07
198.4	3.50016e-07
198.6	3.44604e-07
198.8	3.42235e-07
199	3.41398e-07
199.2	3.43277e-07
199.4	3.42107e-07
199.6	3.38155e-07
199.8	3.37752e-07
200	3.34934e-07
200.2	3.32911e-07
200.4	3.36323e-07
200.6	3.33573e-07
200.8	3.33422e-07
201	3.32709e-07
201.2	3.32033e-07
201.4	3.32822e-07
201.6	3.33603e-07
201.8	3.30202e-07
202	3.31249e-07
202.2	3.34156e-07
202.4	3.30725e-07
202.6	3.30366e-07
202.8	3.27133e-07
203	3.18839e-07
203.2	3.20278e-07
203.4	3.13030e-07
203.6	3.17624e-07
203.8	3.15381e-07
204	3.16850e-07
204.2	3.15497e-07
204.4	3.14001e-07
204.6	3.09533e-07
204.8	3.07148e-07
205	3.06491e-07
205.2	3.04114e-07
205.4	3.05598e-07
205.6	3.02730e-07
205.8	3.00257e-07
206	2.97890e-07
206.2	3.00062e-07
206.4	2.99256e-07
206.6	2.96889e-07
206.8	2.97693e-07
207	2.95167e-07
207.2	2.95284e-07
207.4	2.96880e-07
207.6	2.93635e-07
207.8	2.95902e-07
208	2.96543e-07
208.2	3.01046e-07
208.4	2.97904e-07
208.6	2.94191e-07
208.8	2.90019e-07
209	2.92721e-07
209.2	2.89109e-07
209.4	2.86120e-07
209.6	2.81883e-07
209.8	2.81972e-07
210	2.83375e-07
210.2	2.81143e-07
210.4	2.80265e-07
210.6	2.83343e-07
210.8	2.80850e-07
211	2.77888e-07
211.2	2.75009e-07
211.4	2.76269e-07
211.6	2.73033e-07
211.8	2.71289e-07
212	2.71148e-07
212.2	2.68120e-07
212.4	2.68307e-07
212.6	2.70659e-07
212.8	2.68402e-07
213	2.65999e-07
213.2	2.65767e-07
213.4	2.64822e-07
213.6	2.67735e-07
213.8	2.64133e-07
214	2.66775e-07
214.2	2.65055e-07
214.4	2.65189e-07
214.6	2.64899e-07
214.8	2.60452e-07
215	2.57747e-07
215.2	2.62638e-07
215.4	2.56756e-07
215.6	2.59594e-07
215.8	2.56331e-07
216	2.56376e-07
216.2	2.54194e-07
216.4	2.52202e-07
216.6	2.51008e-07
216.8	2.49975e-07
217	2.48936e-07
217.2	2.47492e-07
217.4	2.50779e-07
217.6	2.47699e-07
217.8	2.46460e-07
218	2.47050e-07
218.2	2.43058e-07
218.4	2.42621e-07
218.6	2.41088e-07
218.8	2.39395e-07
219	2.38194e-07
219.2	2.39405e-07
219.4	2.40956e-07
219.6	2.38759e-07
219.8	2.37746e-07
220	2.39337e-07
220.2	2.38532e-07
220.4	2.34025e-07
220.6	2.35322e-07
220.8	2.34181e-07
221	2.33431e-07
221.2	2.31438e-07
221.4	2.29837e-07
221.6	2.30232e-07
221.8	2.28911e-07
222	2.32900e-07
222.2	2.30203e-07
222.4	2.27639e-07
222.6	2.29429e-07
222.8	2.25760e-07
223	2.25821e-07
223.2	2.25586e-07
223.4	2.23837e-07
223.6	2.23280e-07
223.8	2.21632e-07
224	2.20682e-07
224.2	2.22371e-07
224.4	2.17614e-07
224.6	2.20382e-07
224.8	2.21223e-07
225	2.17937e-07
225.2	2.18031e-07
225.4	2.16972e-07
225.6	2.10705e-07
225.8	2.11915e-07
226	2.09586e-07
226.2	2.10533e-07
226.4	2.10978e-07
226.6	2.10034e-07
226.8	2.07577e-07
227	2.07048e-07
227.2	2.05925e-07
227.4	2.06003e-07
227.6	2.03442e-07
227.8	2.02709e-07
228	2.05069e-07
228.2	2.03815e-07
228.4	2.03341e-07
228.6	2.02059e-07
228.8	2.02440e-07
229	2.03293e-07
229.2	2.01640e-07
229.4	1.99656e-07
229.6	2.00714e-07
229.8	2.00784e-07
230	2.00355e-07
230.2	1.98324e-07
230.4	2.00749e-07
230.6	1.98034e-07
230.8	1.98250e-07
231	1.96549e-07
231.2	1.97388e-07
231.4	1.96506e-07
231.6	1.94231e-07
231.8	1.96092e-07
232	1.95338e-07
232.2	1.95060e-07
232.4	1.96653e-07
232.6	1.93936e-07
232.8	1.91539e-07
233	1.89822e-07
233.2	1.88664e-07
233.4	1.86904e-07
233.6	1.83536e-07
233.8	1.85706e-07
234	1.84110e-07
234.2	1.84453e-07
234.4	1.81154e-07
234.6	1.82531e-07
234.8	1.81221e-07
235	1.79416e-07
235.2	1.79854e-07
235.4	1.79230e-07
235.6	1.78858e-07
235.8	1.78752e-07
236	1.77378e-07
236.2	1.76026e-07
236.4	1.75428e-07
236.6	1.75511e-07
236.8	1.73954e-07
237	1.74082e-07
237.2	1.72779e-07
237.4	1.72805e-07
237.6	1.73522e-07
237.8	1.73013e-07
238	1.72054e-07
238.2	1.73001e-07
238.4	1.75835e-07
238.6	1.74561e-07
238.8	1.73535e-07
239	1.72730e-07
239.2	1.75173e-07
239.4	1.71277e-07
239.6	1.72949e-07
239.8	1.71603e-07
240	1.70675e-07
240.2	1.70966e-07
240.4	1.71989e-07
240.6	1.70453e-07
240.8	1.69307e-07
241	1.70517e-07
241.2	1.67300e-07
241.4	1.62325e-07
241.6	1.64366e-07
241.8	1.64616e-07
242	1.61174e-07
242.2	1.59673e-07
242.4	1.59501e-07
242.6	1.59645e-07
242.8	1.58614e-07
243	1.57234e-07
243.2	1.57329e-07
243.4	1.56724e-07
243.6	1.56072e-07
243.8	1.54153e-07
244	1.55155e-07
244.2	1.55342e-07
244.4	1.56026e-07
244.6	1.54400e-07
244.8	1.55424e-07
245	1.52805e-07
245.2	1.52540e-07
245.4	1.54112e-07
245.6	1.51864e-07
245.8	1.50737e-07
246	1.51228e-07
246.2	1.51767e-07
246.4	1.49745e-07
246.6	1.50526e-07
246.8	1.48954e-07
247	1.49294e-07
247.2	1.48959e-07
247.4	1.48131e-07
247.6	1.49481e-07
247.8	1.50435e-07
248	1.53627e-07
248.2	1.52105e-07
248.4	1.49237e-07
248.6	1.50339e-07
248.8	1.49326e-07
249	1.50557e-07
249.2	1.49113e-07
249.4	1.47041e-07
249.6	1.46618e-07
249.8	1.48192e-07
250	1.44965e-07
250.2	1.43140e-07
250.4	1.42026e-07
250.6	1.40457e-07
250.8	1.43064e-07
251	1.41055e-07
251.2	1.39180e-07
251.4	1.38048e-07
251.6	1.37416e-07
251.8	1.38608e-07
252	1.36861e-07
252.2	1.35435e-07
252.4	1.36556e-07
252.6	1.35827e-07
252.8	1.34372e-07
253	1.34507e-07
253.2	1.33144e-07
253.4	1.35985e-07
253.6	1.34519e-07
253.8	1.32706e-07
254	1.33076e-07
254.2	1.36109e-07
254.4	1.36086e-07
254.6	1.34792e-07
254.8	1.33376e-07
255	1.32118e-07
255.2	1.31883e-07
255.4	1.31396e-07
255.6	1.32410e-07
255.8	1.30541e-07
256	1.30177e-07
256.2	1.29966e-07
256.4	1.29739e-07
256.6	1.28911e-07
256.8	1.29348e-07
257	1.29117e-07
257.2	1.28149e-07
257.4	1.28944e-07
257.6	1.29971e-07
257.8	1.27480e-07
258	1.28712e-07
258.2	1.28886e-07
258.4	1.29270e-07
258.6	1.28400e-07
258.8	1.26025e-07
259	1.26103e-07
259.2	1.24302e-07
259.4	1.25051e-07
259.6	1.24181e-07
259.8	1.23268e-07
260	1.21368e-07
260.2	1.22444e-07
260.4	1.20587e-07
260.6	1.21520e-07
260.8	1.20695e-07
261	1.19986e-07
261.2	1.19525e-07
261.4	1.19839e-07
261.6	1.18146e-07
261.8	1.18575e-07
262	1.18364e-07
262.2	1.17200e-07
262.4	1.17325e-07
262.6	1.16638e-07
262.8	1.16063e-07
263	1.17043e-07
263.2	1.16855e-07
263.4	1.16058e-07
263.6	1.15326e-07
263.8	1.16136e-07
264	1.14413e-07
264.2	1.15657e-07
264.4	1.20086e-07
264.6	1.18049e-07
264.8	1.15680e-07
265	1.14836e-07
265.2	1.13812e-07
265.4	1.14094e-07
265.6	1.13422e-07
265.8	1.13491e-07
266	1.13218e-07
266.2	1.11350e-07
266.4	1.12088e-07
266.6	1.11605e-07
266.8	1.10935e-07
267	1.10499e-07
267.2	1.11075e-07
267.4	1.09654e-07
267.6	1.09459e-07
267.8	1.09508e-07
268	1.08737e-07
268.2	1.08108e-07
268.4	1.08999e-07
268.6	1.08026e-07
268.8	1.08373e-07
269	1.07495e-07
269.2	1.06501e-07
269.4	1.06794e-07
269.6	1.06508e-07
269.8	1.05835e-07
270	1.05725e-07
270.2	1.05921e-07
270.4	1.04771e-07
270.6	1.04068e-07
270.8	1.03384e-07
271	1.04730e-07
271.2	1.03197e-07
271.4	1.02718e-07
271.6	1.01941e-07
271.8	1.02956e-07
272	1.03446e-07
272.2	1.02010e-07
272.4	1.00608e-07
272.6	1.00971e-07
272.8	1.01134e-07
273	1.01597e-07
273.2	1.00746e-07
273.4	1.00239e-07
273.6	1.00718e-07
273.8	1.00471e-07
274	1.02309e-07
274.2	1.00955e-07
274.4	1.01904e-07
274.6	1.06392e-07
274.8	1.02580e-07
275	1.00799e-07
275.2	9.93432e-08
275.4	9.79577e-08
275.6	9.73641e-08
275.8	9.60287e-08
276	9.48292e-08
276.2	9.52753e-08
276.4	9.54729e-08
276.6	9.49965e-08
276.8	9.39039e-08
277	9.39697e-08
277.2	9.39307e-08
277.4	9.37556e-08
277.6	9.30685e-08
277.8	9.44657e-08
278	9.39110e-08
278.2	9.34226e-08
278.4	9.39759e-08
278.6	9.31875e-08
278.8	9.31749e-08
279	9.25830e-08
279.2	9.23523e-08
279.4	9.30792e-08
279.6	9.30142e-08
279.8	9.22732e-08
280	9.19950e-08
280.2	9.11681e-08
280.4	9.14687e-08
280.6	9.11129e-08
280.8	9.08300e-08
281	9.11735e-08
281.2	9.10208e-08
281.4	8.91908e-08
281.6	9.08130e-08
281.8	8.93670e-08
282	8.95119e-08
282.2	8.86327e-08
282.4	8.92238e-08
282.6	8.85528e-08
282.8	8.83147e-08
283	8.91195e-08
283.2	8.89159e-08
283.4	8.85885e-08
283.6	8.82485e-08
283.8	8.81692e-08
284	8.92968e-08
284.2	8.87769e-08
284.4	9.01446e-08
284.6	8.99113e-08
284.8	8.60361e-08
285	8.44256e-08
285.2	8.39660e-08
285.4	8.32762e-08
285.6	8.36353e-08
285.8	8.29465e-08
286	8.34951e-08
286.2	8.32572e-08
286.4	8.31322e-08
286.6	8.35865e-08
286.8	8.22356e-08
287	8.21446e-08
287.2	8.35995e-08
287.4	8.28241e-08
287.6	8.15605e-08
287.8	8.15054e-08
288	8.19730e-08
288.2	8.17315e-08
288.4	8.20820e-08
288.6	8.18074e-08
288.8	8.19800e-08
289	8.17569e-08
289.2	8.06136e-08
289.4	8.14120e-08
289.6	8.14008e-08
289.8	8.06345e-08
290	8.02473e-08
290.2	8.00487e-08
290.4	8.04300e-08
290.6	7.98277e-08
290.8	7.95911e-08
291	7.98378e-08
291.2	7.93807e-08
291.4	7.87384e-08
291.6	7.92165e-08
291.8	7.86259e-08
292	7.86115e-08
292.2	7.81783e-08
292.4	7.87061e-08
292.6	7.80752e-08
292.8	7.80928e-08
293	7.77961e-08
293.2	7.65644e-08
293.4	7.76841e-08
293.6	7.68504e-08
293.8	7.73604e-08
294	7.72749e-08
294.2	7.75255e-08
294.4	7.57091e-08
294.6	7.51877e-08
294.8	7.56291e-08
295	7.44631e-08
295.2	7.41891e-08
295.4	7.40833e-08
295.6	7.40471e-08
295.8	7.37911e-08
296	7.34252e-08
296.2	7.39388e-08
296.4	7.24993e-08
296.6	7.31959e-08
296.8	7.23387e-08
297	7.25255e-08
297.2	7.26352e-08
297.4	7.21479e-08
297.6	7.24976e-08
297.8	7.16849e-08
298	7.24705e-08
298.2	7.19642e-08
298.4	7.19186e-08
298.6	7.22464e-08
298.8	7.16852e-08
299	7.08794e-08
299.2	7.13239e-08
299.4	7.15753e-08
299.6	7.05451e-08
299.8	7.14108e-08
300	7.04908e-08
300.2	7.12571e-08
300.4	7.00193e-08
300.6	6.99081e-08
300.8	6.99835e-08
301	6.98038e-08
301.2	6.99777e-08
301.4	6.94389e-08
301.6	6.91414e-08
301.8	6.88793e-08
302	6.89719e-08
302.2	6.82402e-08
302.4	6.87616e-08
302.6	6.81995e-08
302.8	6.81969e-08
303	6.84031e-08
303.2	6.74383e-08
303.4	6.82081e-08
303.6	6.69482e-08
303.8	6.70043e-08
304	6.74363e-08
304.2	6.67902e-08
304.4	6.59713e-08
304.6	6.61875e-08
304.8	6.58758e-08
305	6.54515e-08
305.2	6.49641e-08
305.4	6.52382e-08
305.6	6.53569e-08
305.8	6.41706e-08
306	6.49334e-08
306.2	6.40911e-08
306.4	6.45308e-08
306.6	6.39323e-08
306.8	6.37848e-08
307	6.36640e-08
307.2	6.35607e-08
307.4	6.38032e-08
307.6	6.25532e-08
307.8	6.24279e-08
308	6.34435e-08
308.2	6.29174e-08
308.4	6.26750e-08
308.6	6.23289e-08
308.8	6.26890e-08
309	6.26470e-08
309.2	6.19037e-08
309.4	6.22890e-08
309.6	6.17717e-08
309.8	6.13926e-08
310	6.18063e-08
310.2	6.09002e-08
310.4	6.17073e-08
310.6	6.12494e-08
310.8	6.07518e-08
311	6.09186e-08
311.2	6.08766e-08
311.4	5.97655e-08
311.6	6.04468e-08
311.8	6.03719e-08
312	6.00092e-08
312.2	5.95480e-08
312.4	5.99728e-08
312.6	5.92884e-08
312.8	5.96812e-08
313	5.87555e-08
313.2	5.86765e-08
313.4	5.84987e-08
313.6	5.88516e-08
313.8	5.85576e-08
314	5.81419e-08
314.2	5.74314e-08
314.4	5.82351e-08
314.6	5.73710e-08
314.8	5.70937e-08
315	5.73472e-08
315.2	5.71190e-08
315.4	5.66800e-08
315.6	5.64579e-08
315.8	5.67133e-08
316	5.65122e-08
316.2	5.60183e-08
316.4	5.60475e-08
316.6	5.59631e-08
316.8	5.57869e-08
317	5.54994e-08
317.2	5.59988e-08
317.4	5.64072e-08
317.6	5.56308e-08
317.8	5.47730e-08
318	5.56770e-08
318.2	5.53420e-08
318.4	5.53444e-08
318.6	5.53226e-08
318.8	5.51535e-08
319	5.54802e-08
319.2	5.51769e-08
319.4	5.48027e-08
319.6	5.50895e-08
319.8	5.48697e-08
320	5.42780e-08
320.2	5.49229e-08
320.4	5.47146e-08
320.6	5.44005e-08
320.8	5.42735e-08
321	5.42760e-08
321.2	5.36224e-08
321.4	5.34254e-08
321.6	5.36550e-08
321.8	5.35147e-08
322	5.36970e-08
322.2	5.35505e-08
322.4	5.27886e-08
322.6	5.26215e-08
322.8	5.26412e-08
323	5.25458e-08
323.2	5.25424e-08
323.4	5.22262e-08
323.6	5.15914e-08
323.8	5.25438e-08
324	5.11989e-08
324.2	5.19432e-08
324.4	5.10457e-08
324.6	5.16217e-08
324.8	5.12578e-08
325	5.08600e-08
325.2	5.09186e-08
325.4	5.06313e-08
325.6	5.03106e-08
325.8	5.06140e-08
326	5.03391e-08
326.2	5.06837e-08
326.4	4.97940e-08
326.6	4.92997e-08
326.8	4.96272e-08
327	4.97357e-08
327.2	4.94493e-08
327.4	4.93079e-08
327.6	4.97396e-08
327.8	4.91072e-08
328	4.91808e-08
328.2	4.92068e-08
328.4	4.92320e-08
328.6	4.88630e-08
328.8	4.84225e-08
329	4.90723e-08
329.2	4.87698e-08
329.4	4.81847e-08
329.6	4.80064e-08
329.8	4.85121e-08
330	4.83743e-08
330.2	4.76632e-08
330.4	4.76532e-08
330.6	4.79291e-08
330.8	4.80800e-08
331	4.76090e-08
331.2	4.74952e-08
331.4	4.75223e-08
331.6	4.76932e-08
331.8	4.69371e-08
332	4.70084e-08
332.2	4.67032e-08
332.4	4.71365e-08
332.6	4.64679e-08
332.8	4.59010e-08
333	4.61537e-08
333.2	4.62597e-08
333.4	4.59043e-08
333.6	4.65119e-08
333.8	4.51631e-08
334	4.54814e-08
334.2	4.54744e-08
334.4	4.53628e-08
334.6	4.53505e-08
334.8	4.49428e-08
335	4.47902e-08
335.2	4.46045e-08
335.4	4.47402e-08
335.6	4.44497e-08
335.8	4.44254e-08
336	4.45990e-08
336.2	4.40460e-08
336.4	4.45849e-08
336.6	4.37782e-08
336.8	4.40313e-08
337	4.37343e-08
337.2	4.38069e-08
337.4	4.36948e-08
337.6	4.35110e-08
337.8	4.34595e-08
338	4.36693e-08
338.2	4.35554e-08
338.4	4.33149e-08
338.6	4.33853e-08
338.8	4.27363e-08
339	4.33394e-08
339.2	4.29025e-08
339.4	4.25886e-08
339.6	4.26401e-08
339.8	4.22739e-08
340	4.23816e-08
340.2	4.25601e-08
340.4	4.27369e-08
340.6	4.23770e-08
340.8	4.22605e-08
341	4.19887e-08
341.2	4.21194e-08
341.4	4.20317e-08
341.6	4.20900e-08
341.8	4.15140e-08
342	4.14997e-08
342.2	4.13862e-08
342.4	4.11705e-08
342.6	4.09821e-08
342.8	4.11865e-08
343	4.09123e-08
343.2	4.09030e-08
343.4	4.11732e-08
343.6	4.06850e-08
343.8	4.04257e-08
344	4.03851e-08
344.2	4.01738e-08
344.4	4.01083e-08
344.6	4.02956e-08
344.8	3.95045e-08
345	3.99161e-08
345.2	3.95194e-08
345.4	4.02669e-08
345.6	3.97389e-08
345.8	3.96169e-08
346	3.93736e-08
346.2	3.88579e-08
346.4	3.96913e-08
346.6	3.95561e-08
346.8	3.88869e-08
347	3.92681e-08
347.2	3.89796e-08
347.4	3.90434e-08
347.6	3.91089e-08
347.8	3.85512e-08
348	3.84446e-08
348.2	3.83324e-08
348.4	3.88003e-08
348.6	3.84421e-08
348.8	3.83239e-08
349	3.80046e-08
349.2	3.82220e-08
349.4	3.82263e-08
349.6	3.80759e-08
349.8	3.75080e-08
350	3.77475e-08
350.2	3.80509e-08
350.4	3.76332e-08
350.6	3.75132e-08
350.8	3.73661e-08
351	3.70332e-08
351.2	3.73564e-08
351.4	3.66784e-08
351.6	3.68899e-08
351.8	3.71709e-08
352	3.63661e-08
352.2	3.68104e-08
352.4	3.65308e-08
352.6	3.61206e-08
352.8	3.63032e-08
353	3.62041e-08
353.2	3.62323e-08
353.4	3.57399e-08
353.6	3.59327e-08
353.8	3.57277e-08
354	3.58254e-08
354.2	3.60110e-08
354.4	3.60435e-08
354.6	3.52856e-08
354.8	3.57548e-08
355	3.55253e-08
355.2	3.53275e-08
355.4	3.54863e-08
355.6	3.50905e-08
355.8	3.51141e-08
356	3.49552e-08
356.2	3.51403e-08
356.4	3.50789e-08
356.6	3.51656e-08
356.8	3.43862e-08
357	3.48313e-08
357.2	3.43097e-08
357.4	3.47898e-08
357.6	3.43803e-08
357.8	3.41275e-08
358	3.44326e-08
358.2	3.40667e-08
358.4	3.42834e-08
358.6	3.40433e-08
358.8	3.41735e-08
359	3.36787e-08
359.2	3.37217e-08
359.4	3.36144e-08
359.6	3.34805e-08
359.8	3.31057e-08
360	3.35139e-08
360.2	3.33393e-08
360.4	3.29813e-08
360.6	3.33981e-08
360.8	3.27569e-08
361	3.31449e-08
361.2	3.28169e-08
361.4	3.29234e-08
361.6	3.30184e-08
361.8	3.26172e-08
362	3.24100e-08
362.2	3.23927e-08
362.4	3.26062e-08
362.6	3.29511e-08
362.8	3.24054e-08
363	3.20079e-08
363.2	3.19632e-08
363.4	3.21228e-08
363.6	3.19439e-08
363.8	3.18779e-08
364	3.18107e-08
364.2	3.18312e-08
364.4	3.18050e-08
364.6	3.19148e-08
364.8	3.13679e-08
365	3.16323e-08
365.2	3.15688e-08
365.4	3.11680e-08
365.6	3.11636e-08
365.8	3.10082e-08
366	3.09278e-08
366.2	3.06429e-08
366.4	3.09608e-08
366.6	3.10596e-08
366.8	3.04807e-08
367	3.06488e-08
367.2	3.05683e-08
367.4	3.06334e-08
367.6	3.04860e-08
367.8	3.04020e-08
368	3.05136e-08
368.2	3.01271e-08
368.4	3.00139e-08
368.6	3.01696e-08
368.8	3.02180e-08
369	2.99603e-08
369.2	2.99535e-08
369.4	2.97136e-08
369.6	2.95877e-08
369.8	2.97282e-08
370	2.97478e-08
370.2	2.95772e-08
370.4	2.93301e-08
370.6	2.91934e-08
370.8	2.93086e-08
371	2.89530e-08
371.2	2.89718e-08
371.4	2.93501e-08
371.6	2.88327e-08
371.8	2.89559e-08
372	2.86914e-08
372.2	2.89399e-08
372.4	2.86746e-08
372.6	2.85666e-08
372.8	2.87448e-08
373	2.84370e-08
373.2	2.83649e-08
373.4	2.82083e-08
373.6	2.87160e-08
373.8	2.81088e-08
374	2.82942e-08
374.2	2.77633e-08
374.4	2.81341e-08
374.6	2.79256e-08
374.8	2.79989e-08
375	2.77679e-08
375.2	2.77240e-08
375.4	2.77925e-08
375.6	2.75199e-08
375.8	2.74926e-08
376	2.72847e-08
376.2	2.74772e-08
376.4	2.70592e-08
376.6	2.74154e-08
376.8	2.69762e-08
377	2.70462e-08
377.2	2.70592e-08
377.4	2.71830e-08
377.6	2.68231e-08
377.8	2.68678e-08
378	2.66418e-08
378.2	2.66294e-08
378.4	2.67651e-08
378.6	2.64522e-08
378.8	2.63731e-08
379	2.63583e-08
379.2	2.63731e-08
379.4	2.64352e-08
379.6	2.59582e-08
379.8	2.59846e-08
380	2.58632e-08
380.2	2.60831e-08
380.4	2.57397e-08
380.6	2.59137e-08
380.8	2.53833e-08
381	2.53934e-08
381.2	2.58156e-08
381.4	2.56690e-08
381.6	2.52324e-08
381.8	2.54823e-08
382	2.50766e-08
382.2	2.52565e-08
382.4	2.50689e-08
382.6	2.52135e-08
382.8	2.51072e-08
383	2.49946e-08
383.2	2.48028e-08
383.4	2.49772e-08
383.6	2.46099e-08
383.8	2.46325e-08
384	2.44062e-08
384.2	2.46765e-08
384.4	2.44960e-08
384.6	2.43236e-08
384.8	2.45405e-08
385	2.39708e-08
385.2	2.43193e-08
385.4	2.42861e-08
385.6	2.40742e-08
385.8	2.37431e-08
386	2.40840e-08
386.2	2.41439e-08
386.4	2.38054e-08
386.6	2.36101e-08
386.8	2.37105e-08
387	2.35920e-08
387.2	2.38136e-08
387.4	2.35604e-08
387.6	2.32929e-08
387.8	2.32116e-08
388	2.35081e-08
388.2	2.31886e-08
388.4	2.33042e-08
388.6	2.31817e-08
388.8	2.31802e-08
389	2.31126e-08
389.2	2.29193e-08
389.4	2.30027e-08
389.6	2.26772e-08
389.8	2.28107e-08
390	2.28534e-08
390.2	2.27639e-08
390.4	2.26856e-08
390.6	2.27715e-08
390.8	2.27132e-08
391	2.23776e-08
391.2	2.24670e-08
391.4	2.23335e-08
391.6	2.25054e-08
391.8	2.25537e-08
392	2.24420e-08
392.2	2.21769e-08
392.4	2.19123e-08
392.6	2.20094e-08
392.8	2.20959e-08
393	2.19023e-08
393.2	2.19730e-08
393.4	2.17796e-08
393.6	2.15583e-08
393.8	2.17525e-08
394	2.15884e-08
394.2	2.18816e-08
394.4	2.15255e-08
394.6	2.17744e-08
394.8	2.13877e-08
395	2.13895e-08
395.2	2.15369e-08
395.4	2.13048e-08
395.6	2.10679e-08
395.8	2.11571e-08
396	2.11043e-08
396.2	2.12034e-08
396.4	2.13478e-08
396.6	2.09339e-08
396.8	2.05854e-08
397	2.09414e-08
397.2	2.07541e-08
397.4	2.07910e-08
397.6	2.07775e-08
397.8	2.08135e-08
398	2.03710e-08
398.2	2.05742e-08
398.4	2.05155e-08
398.6	2.04754e-08
398.8	2.04492e-08
399	2.05973e-08
399.2	2.02965e-08
399.4	2.02682e-08
399.6	2.01337e-08
399.8	2.02380e-08
400	1.99729e-08
400.2	1.98860e-08
400.4	2.01094e-08
400.6	2.00406e-08
400.8	1.98054e-08
401	1.98798e-08
401.2	1.99210e-08
401.4	1.95582e-08
401.6	1.95619e-08
401.8	1.95825e-08
402	1.94652e-08
402.2	1.96719e-08
402.4	1.96053e-08
402.6	1.94900e-08
402.8	1.92384e-08
403	1.92642e-08
403.2	1.92648e-08
403.4	1.91731e-08
403.6	1.92278e-08
403.8	1.92126e-08
404	1.88578e-08
404.2	1.91715e-08
404.4	1.88641e-08
404.6	1.89440e-08
404.8	1.87094e-08
405	1.86560e-08
405.2	1.87895e-08
405.4	1.86818e-08
405.6	1.86780e-08
405.8	1.85859e-08
406	1.85658e-08
406.2	1.86070e-08
406.4	1.83582e-08
406.6	1.83634e-08
406.8	1.82911e-08
407	1.84215e-08
407.2	1.82506e-08
407.4	1.80578e-08
407.6	1.82727e-08
407.8	1.79888e-08
408	1.79723e-08
408.2	1.79906e-08
408.4	1.79699e-08
408.6	1.79923e-08
408.8	1.76804e-08
409	1.77433e-08
409.2	1.78935e-08
409.4	1.76854e-08
409.6	1.75852e-08
409.8	1.74877e-08
410	1.75620e-08
410.2	1.77063e-08
410.4	1.74482e-08
410.6	1.73867e-08
410.8	1.71322e-08
411	1.72288e-08
411.2	1.74103e-08
411.4	1.72561e-08
411.6	1.69117e-08
411.8	1.72330e-08
412	1.69201e-08
412.2	1.71928e-08
412.4	1.70482e-08
412.6	1.67598e-08
412.8	1.68026e-08
413	1.68049e-08
413.2	1.68028e-08
413.4	1.67669e-08
413.6	1.66595e-08
413.8	1.66869e-08
414	1.65746e-08
414.2	1.65586e-08
414.4	1.65235e-08
414.6	1.62297e-08
414.8	1.64513e-08
415	1.63549e-08
415.2	1.62840e-08
415.4	1.62063e-08
415.6	1.62645e-08
415.8	1.60279e-08
416	1.61628e-08
416.2	1.61413e-08
416.4	1.59873e-08
416.6	1.60097e-08
416.8	1.58349e-08
417	1.57387e-08
417.2	1.59155e-08
417.4	1.56917e-08
417.6	1.57282e-08
417.8	1.56770e-08
418	1.55748e-08
418.2	1.56482e-08
418.4	1.54800e-08
418.6	1.54744e-08
418.8	1.55199e-08
419	1.52926e-08
419.2	1.52350e-08
419.4	1.51006e-08
419.6	1.54060e-08
419.8	1.52920e-08
420	1.52237e-08
420.2	1.51778e-08
420.4	1.49955e-08
420.6	1.50006e-08
420.8	1.50665e-08
421	1.48516e-08
421.2	1.48825e-08
421.4	1.47314e-08
421.6	1.48150e-08
421.8	1.47452e-08
422	1.46035e-08
422.2	1.47496e-08
422.4	1.47066e-08
422.6	1.44561e-08
422.8	1.46693e-08
423	1.42905e-08
423.2	1.44599e-08
423.4	1.43793e-08
423.6	1.43080e-08
423.8	1.42302e-08
424	1.43344e-08
424.2	1.42124e-08
424.4	1.41813e-08
424.6	1.41036e-08
424.8	1.39349e-08
425	1.40579e-08
425.2	1.40935e-08
425.4	1.37763e-08
425.6	1.39041e-08
425.8	1.38276e-08
426	1.37314e-08
426.2	1.37894e-08
426.4	1.36834e-08
426.6	1.36811e-08
426.8	1.35246e-08
427	1.36349e-08
427.2	1.35843e-08
427.4	1.34441e-08
427.6	1.34167e-08
427.8	1.33531e-08
428	1.33019e-08
428.2	1.32916e-08
428.4	1.32631e-08
428.6	1.32004e-08
428.8	1.32611e-08
429	1.30703e-08
429.2	1.30973e-08
429.4	1.29483e-08
429.6	1.29935e-08
429.8	1.29657e-08
430	1.28261e-08
430.2	1.27038e-08
430.4	1.29072e-08
430.6	1.28551e-08
430.8	1.26092e-08
431	1.25677e-08
431.2	1.27318e-08
431.4	1.23971e-08
431.6	1.25507e-08
431.8	1.24947e-08
432	1.24508e-08
432.2	1.23122e-08
432.4	1.22934e-08
432.6	1.22837e-08
432.8	1.22263e-08
433	1.22473e-08
433.2	1.21354e-08
433.4	1.19789e-08
433.6	1.19846e-08
433.8	1.21790e-08
434	1.18054e-08
434.2	1.18927e-08
434.4	1.18154e-08
434.6	1.17616e-08
434.8	1.17501e-08
435	1.17929e-08
435.2	1.16040e-08
435.4	1.16410e-08
435.6	1.15858e-08
435.8	1.13924e-08
436	1.13686e-08
436.2	1.13377e-08
436.4	1.14113e-08
436.6	1.13301e-08
436.8	1.12574e-08
437	1.11486e-08
437.2	1.12229e-08
437.4	1.12564e-08
437.6	1.11615e-08
437.8	1.09976e-08
438	1.09085e-08
438.2	1.08186e-08
438.4	1.08500e-08
438.6	1.08512e-08
438.8	1.08444e-08
439	1.07079e-08
439.2	1.06760e-08
439.4	1.05050e-08
439.6	1.05948e-08
439.8	1.04556e-08
440	1.05710e-08
440.2	1.03420e-08
440.4	1.04129e-08
440.6	1.03702e-08
440.8	1.04249e-08
441	1.03474e-08
441.2	1.00311e-08
441.4	1.01095e-08
441.6	1.01212e-08
441.8	1.00838e-08
442	9.99870e-09
442.2	9.92712e-09
442.4	9.87634e-09
442.6	9.84845e-09
442.8	9.90169e-09
443	9.74425e-09
443.2	9.72195e-09
443.4	9.73339e-09
443.6	9.64434e-09
443.8	9.56168e-09
444	9.58257e-09
444.2	9.44168e-09
444.4	9.50023e-09
444.6	9.44407e-09
444.8	9.45964e-09
445	9.31071e-09
445.2	9.16362e-09
445.4	9.30700e-09
445.6	9.12923e-09
445.8	9.12525e-09
446	9.07253e-09
446.2	9.16817e-09
446.4	8.96739e-09
446.6	9.00259e-09
446.8	8.84404e-09
447	8.87321e-09
447.2	9.01273e-09
447.4	8.72594e-09
447.6	8.69874e-09
447.8	8.79781e-09
448	8.62350e-09
448.2	8.65887e-09
448.4	8.57128e-09
448.6	8.57277e-09
448.8	8.49467e-09
449	8.52989e-09
449.2	8.38372e-09
449.4	8.36137e-09
449.6	8.28306e-09
449.8	8.24860e-09
450	8.37369e-09
450.2	8.05839e-09
450.4	8.22193e-09
450.6	8.17304e-09
450.8	8.10940e-09
451	8.06186e-09
451.2	7.98226e-09
451.4	7.97521e-09
451.6	7.87913e-09
451.8	7.83022e-09
452	7.84474e-09
452.2	7.75912e-09
452.4	7.90580e-09
452.6	7.88975e-09
452.8	7.63236e-09
453	7.57526e-09
453.2	7.61694e-09
453.4	7.51844e-09
453.6	7.45145e-09
453.8	7.53499e-09
454	7.50299e-09
454.2	7.45484e-09
454.4	7.37794e-09
454.6	7.33261e-09
454.8	7.37522e-09
455	7.21842e-09
455.2	7.15925e-09
455.4	7.21143e-09
455.6	7.18978e-09
455.8	7.04247e-09
456	7.04634e-09
456.2	7.00820e-09
456.4	6.98565e-09
456.6	6.93404e-09
456.8	6.93403e-09
457	6.86513e-09
457.2	6.83218e-09
457.4	6.75830e-09
457.6	6.65759e-09
457.8	6.70912e-09
458	6.63910e-09
458.2	6.64138e-09
458.4	6.56139e-09
458.6	6.57510e-09
458.8	6.53711e-09
459	6.52175e-09
459.2	6.43218e-09
459.4	6.38579e-09
459.6	6.31444e-09
459.8	6.31606e-09
460	6.35412e-09
460.2	6.25347e-09
460.4	6.22456e-09
460.6	6.17930e-09
460.8	6.15777e-09
461	6.10629e-09
461.2	6.03276e-09
461.4	6.03277e-09
461.6	6.04196e-09
461.8	5.97455e-09
462	5.92930e-09
462.2	5.93784e-09
462.4	5.83973e-09
462.6	5.79466e-09
462.8	5.70215e-09
463	5.75952e-09
463.2	5.78976e-09
463.4	5.76867e-09
463.6	5.66519e-09
463.8	5.57960e-09
464	5.59849e-09
464.2	5.58696e-09
464.4	5.44591e-09
464.6	5.42939e-09
464.8	5.48066e-09
465	5.35425e-09
465.2	5.35734e-09
465.4	5.32353e-09
465.6	5.27636e-09
465.8	5.24004e-09
466	5.16869e-09
466.2	5.22422e-09
466.4	5.14690e-09
466.6	5.13211e-09
466.8	5.08092e-09
467	5.04101e-09
467.2	5.02905e-09
467.4	4.94826e-09
467.6	4.88993e-09
467.8	4.88070e-09
468	4.84848e-09
468.2	4.78724e-09
468.4	4.91777e-09
468.6	4.75943e-09
468.8	4.76354e-09
469	4.70746e-09
469.2	4.64852e-09
469.4	4.53446e-09
469.6	4.60927e-09
469.8	4.50820e-09
470	4.51127e-09
470.2	4.46044e-09
470.4	4.45967e-09
470.6	4.36286e-09
470.8	4.41723e-09
471	4.36315e-09
471.2	4.34444e-09
471.4	4.23953e-09
471.6	4.22393e-09
471.8	4.25435e-09
472	4.13376e-09
472.2	4.12593e-09
472.4	4.10220e-09
472.6	4.08277e-09
472.8	4.04247e-09
473	4.03765e-09
473.2	3.95798e-09
473.4	3.93002e-09
473.6	3.92575e-09
473.8	3.86676e-09
474	3.84382e-09
474.2	3.83568e-09
474.4	3.78169e-09
474.6	3.75930e-09
474.8	3.69389e-09
475	3.64886e-09
475.2	3.67653e-09
475.4	3.57411e-09
475.6	3.59205e-09
475.8	3.54877e-09
476	3.50998e-09
476.2	3.49671e-09
476.4	3.38926e-09
476.6	3.40528e-09
476.8	3.38501e-09
477	3.34210e-09
477.2	3.32801e-09
477.4	3.19972e-09
477.6	3.23154e-09
477.8	3.22078e-09
478	3.22504e-09
478.2	3.10319e-09
478.4	3.12173e-09
478.6	3.07162e-09
478.8	3.00754e-09
479	3.07767e-09
479.2	2.99403e-09
479.4	2.96144e-09
479.6	2.93822e-09
479.8	2.86961e-09
480	2.81274e-09
480.2	2.82902e-09
480.4	2.78831e-09
480.6	2.78271e-09
480.8	2.71500e-09
481	2.67195e-09
481.2	2.63483e-09
481.4	2.58495e-09
481.6	2.57313e-09
481.8	2.54265e-09
482	2.54228e-09
482.2	2.44727e-09
482.4	2.42169e-09
482.6	2.43476e-09
482.8	2.37634e-09
483	2.36292e-09
483.2	2.32758e-09
483.4	2.27930e-09
483.6	2.27277e-09
483.8	2.23534e-09
484	2.20939e-09
484.2	2.12473e-09
484.4	2.12722e-09
484.6	2.08054e-09
484.8	2.05323e-09
485	2.06192e-09
485.2	2.00282e-09
485.4	1.94975e-09
485.6	1.93248e-09
485.8	1.89273e-09
486	1.87066e-09
486.2	1.85873e-09
486.4	1.84104e-09
486.6	1.76193e-09
486.8	1.72992e-09
487	1.72807e-09
487.2	1.65564e-09
487.4	1.63430e-09
487.6	1.62457e-09
487.8	1.59193e-09
488	1.53700e-09
488.2	1.49138e-09
488.4	1.45620e-09
488.6	1.42646e-09
488.8	1.41221e-09
489	1.40245e-09
489.2	1.38561e-09
489.4	1.34328e-09
489.6	1.28618e-09
489.8	1.26161e-09
490	1.20608e-09
490.2	1.19191e-09
490.4	1.15990e-09
490.6	1.16365e-09
490.8	1.10382e-09
491	1.03850e-09
491.2	1.01959e-09
491.4	9.85831e-10
491.6	9.63640e-10
491.8	9.37063e-10
492	9.30848e-10
492.2	8.53511e-10
492.4	8.72733e-10
492.6	8.25635e-10
492.8	7.68789e-10
493	7.22027e-10
493.2	7.16078e-10
493.4	6.64467e-10
493.6	6.40403e-10
493.8	6.44620e-10
494	6.00623e-10
494.2	5.49127e-10
494.4	5.18134e-10
494.6	4.86857e-10
494.8	4.22352e-10
495	4.37184e-10
495.2	4.29021e-10
495.4	3.92757e-10
495.6	3.36350e-10
495.8	2.90215e-10
496	2.44165e-10
496.2	2.15476e-10
496.4	2.10084e-10
496.6	2.09820e-10
496.8	2.07005e-10
497	1.50739e-10
