# BINNING-MINI: MIN=-0.1 BINWIDTH=0.2
# GP-LABEL-MINI: M_{ini} / M_{/CMSY10 \014}
# 1: MINI / Msun	2: probability
5	5.09580e-02
5.2	4.86953e-02
5.4	4.55699e-02
5.6	4.28253e-02
5.8	4.03553e-02
6	3.87949e-02
6.2	3.64836e-02
6.4	3.43037e-02
6.6	3.22527e-02
6.8	3.03203e-02
7	2.84688e-02
7.2	2.68663e-02
7.4	2.53555e-02
7.6	2.39318e-02
7.8	2.25932e-02
8	2.09165e-02
8.2	1.97519e-02
8.4	1.86588e-02
8.6	1.76305e-02
8.8	1.66631e-02
9	1.57530e-02
9.2	1.49298e-02
9.4	1.41529e-02
9.6	1.34199e-02
9.8	1.27313e-02
10	1.20798e-02
10.2	1.14730e-02
10.4	1.08979e-02
10.6	1.03562e-02
10.8	9.84446e-03
11	9.36211e-03
11.2	8.90555e-03
11.4	8.47407e-03
11.6	8.06717e-03
11.8	7.67994e-03
12	7.31554e-03
12.2	6.98059e-03
12.4	6.66107e-03
12.6	6.36015e-03
12.8	6.07412e-03
13	5.80278e-03
13.2	5.55310e-03
13.4	5.31644e-03
13.6	5.09052e-03
13.8	4.87642e-03
14	4.67301e-03
14.2	4.47959e-03
14.4	4.29524e-03
14.6	4.11835e-03
14.8	3.95117e-03
15	3.79139e-03
15.2	3.64340e-03
15.4	3.50151e-03
15.6	3.36646e-03
15.8	3.23795e-03
16	3.11456e-03
16.2	3.00716e-03
16.4	2.90350e-03
16.6	2.80482e-03
16.8	2.65048e-03
17	2.56117e-03
17.2	2.47489e-03
17.4	2.39187e-03
17.6	2.31285e-03
17.8	2.23599e-03
18	2.16294e-03
18.2	2.09259e-03
18.4	2.02479e-03
18.6	1.95925e-03
18.8	1.89606e-03
19	1.83634e-03
19.2	1.77813e-03
19.4	1.72301e-03
19.6	1.66951e-03
19.8	1.61847e-03
20	1.56685e-03
20.2	1.51945e-03
20.4	1.47351e-03
20.6	1.42932e-03
20.8	1.38695e-03
21	1.34576e-03
21.2	1.30650e-03
21.4	1.26842e-03
21.6	1.23170e-03
21.8	1.19600e-03
22	1.16184e-03
22.2	1.12838e-03
22.4	1.09662e-03
22.6	1.03948e-03
22.8	1.01053e-03
23	9.82382e-04
23.2	9.55045e-04
23.4	9.28620e-04
23.6	9.03132e-04
23.8	8.78654e-04
24	8.54736e-04
24.2	8.31766e-04
24.4	8.09523e-04
24.6	7.87915e-04
24.8	7.66960e-04
25	7.46818e-04
25.2	7.27576e-04
25.4	7.09120e-04
25.6	6.91186e-04
25.8	6.73791e-04
26	6.56789e-04
26.2	6.40507e-04
26.4	6.24480e-04
26.6	6.09086e-04
26.8	5.94155e-04
27	5.79589e-04
27.2	5.65426e-04
27.4	5.51710e-04
27.6	5.38554e-04
27.8	5.25805e-04
28	5.13224e-04
28.2	5.00996e-04
28.4	4.89206e-04
28.6	4.77810e-04
28.8	4.66580e-04
29	4.55677e-04
29.2	4.45213e-04
29.4	4.34923e-04
29.6	4.25200e-04
29.8	4.15416e-04
30	4.06085e-04
30.2	3.96951e-04
30.4	3.88540e-04
30.6	3.79948e-04
30.8	3.71898e-04
31	3.63825e-04
31.2	3.56141e-04
31.4	3.48505e-04
31.6	3.41266e-04
31.8	3.34127e-04
32	3.26971e-04
32.2	3.20254e-04
32.4	3.13655e-04
32.6	3.07004e-04
32.8	3.00784e-04
33	2.94701e-04
33.2	2.88562e-04
33.4	2.76298e-04
33.6	2.70820e-04
33.8	2.65379e-04
34	2.60008e-04
34.2	2.54858e-04
34.4	2.49844e-04
34.6	2.44997e-04
34.8	2.40270e-04
35	2.35614e-04
35.2	2.30964e-04
35.4	2.26424e-04
35.6	2.22029e-04
35.8	2.17756e-04
36	2.13529e-04
36.2	2.09431e-04
36.4	2.05389e-04
36.6	2.01529e-04
36.8	1.97725e-04
37	1.93951e-04
37.2	1.90331e-04
37.4	1.86801e-04
37.6	1.83347e-04
37.8	1.79952e-04
38	1.76609e-04
38.2	1.73362e-04
38.4	1.70210e-04
38.6	1.67147e-04
38.8	1.64114e-04
39	1.61144e-04
39.2	1.58293e-04
39.4	1.55510e-04
39.6	1.52824e-04
39.8	1.50167e-04
40	1.47553e-04
40.2	1.44975e-04
40.4	1.42570e-04
40.6	1.40077e-04
40.8	1.37629e-04
41	1.35364e-04
41.2	1.33056e-04
41.4	1.30765e-04
41.6	1.28651e-04
41.8	1.26452e-04
42	1.24323e-04
42.2	1.22281e-04
42.4	1.20222e-04
42.6	1.18259e-04
42.8	1.16360e-04
43	1.14390e-04
43.2	1.12579e-04
43.4	1.10742e-04
43.6	1.08916e-04
43.8	1.07165e-04
44	1.05431e-04
44.2	1.03804e-04
44.4	1.02079e-04
44.6	1.00526e-04
44.8	9.88986e-05
45	9.73020e-05
45.2	9.58417e-05
45.4	9.42940e-05
45.6	9.28992e-05
45.8	9.14125e-05
46	9.00797e-05
46.2	8.86255e-05
46.4	8.72413e-05
46.6	8.59662e-05
46.8	8.46225e-05
47	8.33856e-05
47.2	8.20896e-05
47.4	8.08846e-05
47.6	7.96561e-05
47.8	7.85134e-05
48	7.72794e-05
48.2	7.61884e-05
48.4	7.50338e-05
48.6	7.39582e-05
48.8	7.28453e-05
49	7.18370e-05
49.2	7.07362e-05
49.4	6.97514e-05
49.6	6.86962e-05
49.8	6.77490e-05
50	6.67244e-05
50.2	6.58571e-05
50.4	6.49107e-05
50.6	6.40679e-05
50.8	6.31620e-05
51	6.23384e-05
51.2	6.14988e-05
51.4	6.06664e-05
51.6	5.98872e-05
51.8	5.90744e-05
52	5.82879e-05
52.2	5.75002e-05
52.4	5.67826e-05
52.6	5.60003e-05
52.8	5.52712e-05
53	5.45951e-05
53.2	5.38297e-05
53.4	5.31646e-05
53.6	5.24566e-05
53.8	5.17768e-05
54	5.11438e-05
54.2	5.04630e-05
54.4	4.98187e-05
54.6	4.91820e-05
54.8	4.85578e-05
55	4.79586e-05
55.2	4.73368e-05
55.4	4.67524e-05
55.6	4.61546e-05
55.8	4.55818e-05
56	4.50233e-05
56.2	4.44522e-05
56.4	4.39069e-05
56.6	4.33565e-05
56.8	4.28332e-05
57	4.23059e-05
57.2	4.17770e-05
57.4	4.12734e-05
57.6	4.07775e-05
57.8	4.02654e-05
58	3.97878e-05
58.2	3.93218e-05
58.4	3.88185e-05
58.6	3.83697e-05
58.8	3.79070e-05
59	3.74505e-05
59.2	3.70134e-05
59.4	3.65708e-05
59.6	3.61384e-05
59.8	3.57105e-05
60	3.52840e-05
60.2	3.48776e-05
60.4	3.44835e-05
60.6	3.40914e-05
60.8	3.36940e-05
61	3.33153e-05
61.2	3.29346e-05
61.4	3.25681e-05
61.6	3.21896e-05
61.8	3.18288e-05
62	3.14780e-05
62.2	3.11352e-05
62.4	3.07745e-05
62.6	3.04277e-05
62.8	3.00917e-05
63	2.97750e-05
63.2	2.94294e-05
63.4	2.91115e-05
63.6	2.87794e-05
63.8	2.84777e-05
64	2.81567e-05
64.2	2.78596e-05
64.4	2.75570e-05
64.6	2.72604e-05
64.8	2.69471e-05
65	2.66646e-05
65.2	2.63826e-05
65.4	2.61073e-05
65.6	2.58178e-05
65.8	2.50037e-05
66	2.47359e-05
66.2	2.44776e-05
66.4	2.42294e-05
66.6	2.39628e-05
66.8	2.37096e-05
67	2.34625e-05
67.2	2.32224e-05
67.4	2.29763e-05
67.6	2.27304e-05
67.8	2.24967e-05
68	2.22740e-05
68.2	2.20417e-05
68.4	2.18036e-05
68.6	2.15763e-05
68.8	2.13630e-05
69	2.11538e-05
69.2	2.09229e-05
69.4	2.07090e-05
69.6	2.05021e-05
69.8	2.02985e-05
70	1.99265e-05
70.2	1.97356e-05
70.4	1.95401e-05
70.6	1.93349e-05
70.8	1.91413e-05
71	1.89586e-05
71.2	1.87694e-05
71.4	1.85773e-05
71.6	1.83918e-05
71.8	1.82150e-05
72	1.80330e-05
72.2	1.78448e-05
72.4	1.76780e-05
72.6	1.75092e-05
72.8	1.73311e-05
73	1.71627e-05
73.2	1.70001e-05
73.4	1.68425e-05
73.6	1.66604e-05
73.8	1.65098e-05
74	1.63546e-05
74.2	1.62032e-05
74.4	1.60365e-05
74.6	1.58830e-05
74.8	1.57373e-05
75	1.55873e-05
75.2	1.54293e-05
75.4	1.52936e-05
75.6	1.51513e-05
75.8	1.50065e-05
76	1.48508e-05
76.2	1.47190e-05
76.4	1.45896e-05
76.6	1.44540e-05
76.8	1.43094e-05
77	1.41762e-05
77.2	1.40511e-05
77.4	1.39229e-05
77.6	1.37808e-05
77.8	1.36611e-05
78	1.35413e-05
78.2	1.34147e-05
78.4	1.32857e-05
78.6	1.31628e-05
78.8	1.30454e-05
79	1.29349e-05
79.2	1.28143e-05
79.4	1.26924e-05
79.6	1.25761e-05
79.8	1.24679e-05
80	1.23648e-05
80.2	1.22433e-05
80.4	1.21419e-05
80.6	1.20358e-05
80.8	1.19294e-05
81	1.18330e-05
81.2	1.17343e-05
81.4	1.16249e-05
81.6	1.15218e-05
81.8	1.14243e-05
82	1.13288e-05
82.2	1.12333e-05
82.4	1.11297e-05
82.6	1.10362e-05
82.8	1.09428e-05
83	1.08543e-05
83.2	1.07637e-05
83.4	1.06731e-05
83.6	1.05728e-05
83.8	1.04892e-05
84	1.04023e-05
84.2	1.03154e-05
84.4	1.02336e-05
84.6	1.01435e-05
84.8	1.00554e-05
85	9.97263e-06
85.2	9.89227e-06
85.4	9.81350e-06
85.6	9.73015e-06
85.8	9.65019e-06
86	9.56831e-06
86.2	9.49081e-06
86.4	9.41294e-06
86.6	9.33721e-06
86.8	9.25968e-06
87	9.18495e-06
87.2	9.10757e-06
87.4	9.03788e-06
87.6	8.96170e-06
87.8	8.89007e-06
88	8.82071e-06
88.2	8.74704e-06
88.4	8.67945e-06
88.6	8.60601e-06
88.8	8.53979e-06
89	8.47088e-06
89.2	8.40272e-06
89.4	8.33734e-06
89.6	8.27172e-06
89.8	8.20669e-06
90	8.13841e-06
90.2	8.07644e-06
90.4	8.01294e-06
90.6	7.94883e-06
90.8	7.88942e-06
91	7.82589e-06
91.2	7.76666e-06
91.4	7.70009e-06
91.6	7.64256e-06
91.8	7.58413e-06
92	7.52632e-06
92.2	7.46966e-06
92.4	7.41192e-06
92.6	7.35542e-06
92.8	7.29541e-06
93	7.24027e-06
93.2	7.18286e-06
93.4	7.13200e-06
93.6	7.07647e-06
93.8	7.02367e-06
94	6.96988e-06
94.2	6.91484e-06
94.4	6.86306e-06
94.6	6.81242e-06
94.8	6.75955e-06
95	6.70986e-06
95.2	6.66000e-06
95.4	6.60962e-06
95.6	6.55857e-06
95.8	6.50920e-06
96	6.46292e-06
96.2	6.41441e-06
96.4	6.36770e-06
96.6	6.32168e-06
96.8	6.27296e-06
97	6.22351e-06
97.2	6.17803e-06
97.4	6.13290e-06
97.6	6.08946e-06
97.8	6.04732e-06
98	6.00377e-06
98.2	5.95877e-06
98.4	5.91370e-06
98.6	5.86893e-06
98.8	5.82564e-06
99	5.78624e-06
99.2	5.74377e-06
99.4	5.70333e-06
99.6	5.66420e-06
99.8	5.62141e-06
100	5.66468e-06
100.2	5.62424e-06
100.4	5.58640e-06
100.6	5.54957e-06
100.8	5.51150e-06
101	5.47534e-06
101.2	5.43687e-06
101.4	5.40119e-06
101.6	5.36344e-06
101.8	5.32336e-06
102	5.28676e-06
102.2	5.25111e-06
102.4	5.21502e-06
102.6	5.18235e-06
102.8	5.14645e-06
103	5.11316e-06
103.2	5.07870e-06
103.4	5.04404e-06
103.6	5.01286e-06
103.8	4.97835e-06
104	4.94238e-06
104.2	4.90846e-06
104.4	4.87528e-06
104.6	4.84297e-06
104.8	4.81200e-06
105	4.77940e-06
105.2	4.74912e-06
105.4	4.71882e-06
105.6	4.68775e-06
105.8	4.65657e-06
106	4.62826e-06
106.2	4.59490e-06
106.4	4.56311e-06
106.6	4.53318e-06
106.8	4.50306e-06
107	4.47490e-06
107.2	4.44513e-06
107.4	4.41790e-06
107.6	4.38934e-06
107.8	4.36257e-06
108	4.33369e-06
108.2	4.30674e-06
108.4	4.27755e-06
108.6	4.24905e-06
108.8	4.22124e-06
109	4.19356e-06
109.2	4.16627e-06
109.4	4.14018e-06
109.6	4.11361e-06
109.8	4.08771e-06
110	4.06323e-06
110.2	4.03826e-06
110.4	4.01313e-06
110.6	3.98806e-06
110.8	3.96160e-06
111	3.93516e-06
111.2	3.91038e-06
111.4	3.88562e-06
111.6	3.86007e-06
111.8	3.83726e-06
112	3.81208e-06
112.2	3.78956e-06
112.4	3.76664e-06
112.6	3.74317e-06
112.8	3.72116e-06
113	3.69850e-06
113.2	3.67727e-06
113.4	3.65081e-06
113.6	3.62819e-06
113.8	3.60459e-06
114	3.58319e-06
114.2	3.56051e-06
114.4	3.53857e-06
114.6	3.51718e-06
114.8	3.49634e-06
115	3.47612e-06
115.2	3.45543e-06
115.4	3.43473e-06
115.6	3.41404e-06
115.8	3.39246e-06
116	3.37232e-06
116.2	3.34953e-06
116.4	3.32948e-06
116.6	3.30869e-06
116.8	3.28934e-06
117	3.27022e-06
117.2	3.24945e-06
117.4	3.23150e-06
117.6	3.21217e-06
117.8	3.12847e-06
118	3.11037e-06
118.2	3.09225e-06
118.4	3.07267e-06
118.6	3.05165e-06
118.8	3.03377e-06
119	3.01547e-06
119.2	2.99723e-06
119.4	2.98093e-06
119.6	2.96254e-06
119.8	2.94644e-06
120	2.92832e-06
120.2	2.91211e-06
120.4	2.89579e-06
120.6	2.87946e-06
120.8	2.86354e-06
121	2.84628e-06
121.2	2.82662e-06
121.4	2.81074e-06
121.6	2.79356e-06
121.8	2.77753e-06
122	2.76140e-06
122.2	2.74656e-06
122.4	2.73107e-06
122.6	2.71483e-06
122.8	2.70039e-06
123	2.68398e-06
123.2	2.66936e-06
123.4	2.65448e-06
123.6	2.63992e-06
123.8	2.62557e-06
124	2.60757e-06
124.2	2.59242e-06
124.4	2.57818e-06
124.6	2.56287e-06
124.8	2.54881e-06
125	2.53375e-06
125.2	2.52078e-06
125.4	2.50600e-06
125.6	2.49240e-06
125.8	2.48004e-06
126	2.46608e-06
126.2	2.45270e-06
126.4	2.43992e-06
126.6	2.42622e-06
126.8	2.41427e-06
127	2.39899e-06
127.2	2.38476e-06
127.4	2.37230e-06
127.6	2.35970e-06
127.8	2.34715e-06
128	2.33388e-06
128.2	2.32196e-06
128.4	2.31033e-06
128.6	2.29697e-06
128.8	2.28523e-06
129	2.27295e-06
129.2	2.26099e-06
129.4	2.24971e-06
129.6	2.23774e-06
129.8	2.22596e-06
130	2.21446e-06
130.2	2.20156e-06
130.4	2.18924e-06
130.6	2.17729e-06
130.8	2.16592e-06
131	2.15450e-06
131.2	2.14261e-06
131.4	2.13173e-06
131.6	2.12096e-06
131.8	2.11020e-06
132	2.09862e-06
132.2	2.08843e-06
132.4	2.07723e-06
132.6	2.06607e-06
132.8	2.05613e-06
133	2.04591e-06
133.2	2.03561e-06
133.4	2.02534e-06
133.6	2.01345e-06
133.8	2.00234e-06
134	1.99138e-06
134.2	1.98124e-06
134.4	1.97106e-06
134.6	1.96102e-06
134.8	1.95126e-06
135	1.94131e-06
135.2	1.93168e-06
135.4	1.92178e-06
135.6	1.91231e-06
135.8	1.90255e-06
136	1.89293e-06
136.2	1.88386e-06
136.4	1.87449e-06
136.6	1.86479e-06
136.8	1.85590e-06
137	1.84681e-06
137.2	1.83509e-06
137.4	1.82556e-06
137.6	1.81705e-06
137.8	1.80749e-06
138	1.79821e-06
138.2	1.78981e-06
138.4	1.78112e-06
138.6	1.77189e-06
138.8	1.76388e-06
139	1.75455e-06
139.2	1.74581e-06
139.4	1.73677e-06
139.6	1.72875e-06
139.8	1.72064e-06
140	1.71236e-06
140.2	1.70393e-06
140.4	1.69592e-06
140.6	1.68743e-06
140.8	1.67716e-06
141	1.66930e-06
141.2	1.66102e-06
141.4	1.65296e-06
141.6	1.64486e-06
141.8	1.63623e-06
142	1.62902e-06
142.2	1.62042e-06
142.4	1.61334e-06
142.6	1.60495e-06
142.8	1.59738e-06
143	1.58972e-06
143.2	1.58223e-06
143.4	1.57508e-06
143.6	1.56791e-06
143.8	1.56007e-06
144	1.55298e-06
144.2	1.54539e-06
144.4	1.53744e-06
144.6	1.52900e-06
144.8	1.52159e-06
145	1.51396e-06
145.2	1.50670e-06
145.4	1.49928e-06
145.6	1.49249e-06
145.8	1.48553e-06
146	1.47874e-06
146.2	1.47208e-06
146.4	1.46556e-06
146.6	1.45841e-06
146.8	1.45119e-06
147	1.44452e-06
147.2	1.43750e-06
147.4	1.43138e-06
147.6	1.42453e-06
147.8	1.41782e-06
148	1.41126e-06
148.2	1.40503e-06
148.4	1.39688e-06
148.6	1.38980e-06
148.8	1.38379e-06
149	1.37730e-06
149.2	1.37114e-06
149.4	1.36491e-06
149.6	1.35878e-06
149.8	1.35206e-06
150	1.34569e-06
150.2	1.33940e-06
150.4	1.33350e-06
150.6	1.32666e-06
150.8	1.32098e-06
151	1.31507e-06
151.2	1.30971e-06
151.4	1.30381e-06
151.6	1.29823e-06
151.8	1.29232e-06
152	1.28657e-06
152.2	1.28081e-06
152.4	1.27491e-06
152.6	1.26812e-06
152.8	1.26235e-06
153	1.25633e-06
153.2	1.25046e-06
153.4	1.24493e-06
153.6	1.23932e-06
153.8	1.23367e-06
154	1.22828e-06
154.2	1.22271e-06
154.4	1.21763e-06
154.6	1.21253e-06
154.8	1.20682e-06
155	1.20181e-06
155.2	1.19626e-06
155.4	1.19130e-06
155.6	1.18588e-06
155.8	1.18094e-06
156	1.17558e-06
156.2	1.17042e-06
156.4	1.16519e-06
156.6	1.16040e-06
156.8	1.15487e-06
157	1.15005e-06
157.2	1.14409e-06
157.4	1.13888e-06
157.6	1.13383e-06
157.8	1.12921e-06
158	1.12416e-06
158.2	1.11958e-06
158.4	1.11441e-06
158.6	1.10926e-06
158.8	1.10492e-06
159	1.09979e-06
159.2	1.09535e-06
159.4	1.09023e-06
159.6	1.08539e-06
159.8	1.08094e-06
160	1.07677e-06
160.2	1.07218e-06
160.4	1.06759e-06
160.6	1.06257e-06
160.8	1.05790e-06
161	1.05344e-06
161.2	1.04937e-06
161.4	1.04511e-06
161.6	1.04111e-06
161.8	1.03655e-06
162	1.03116e-06
162.2	1.02669e-06
162.4	1.02244e-06
162.6	1.01796e-06
162.8	1.01343e-06
163	1.00916e-06
163.2	1.00454e-06
163.4	1.00018e-06
163.6	9.74953e-07
163.8	9.70826e-07
164	9.66634e-07
164.2	9.62999e-07
164.4	9.58829e-07
164.6	9.55079e-07
164.8	9.51312e-07
165	9.47199e-07
165.2	9.43500e-07
165.4	9.39590e-07
165.6	9.35477e-07
165.8	9.31625e-07
166	9.28131e-07
166.2	9.24246e-07
166.4	9.20799e-07
166.6	9.16670e-07
166.8	9.12836e-07
167	9.08241e-07
167.2	9.04089e-07
167.4	9.00087e-07
167.6	8.96258e-07
167.8	8.92609e-07
168	8.89294e-07
168.2	8.85441e-07
168.4	8.81997e-07
168.6	8.78413e-07
168.8	8.75052e-07
169	8.71507e-07
169.2	8.68150e-07
169.4	8.64282e-07
169.6	8.60940e-07
169.8	8.57399e-07
170	8.53676e-07
170.2	8.50547e-07
170.4	8.46863e-07
170.6	8.43603e-07
170.8	8.40207e-07
171	8.36590e-07
171.2	8.33364e-07
171.4	8.29852e-07
171.6	8.26718e-07
171.8	8.23420e-07
172	8.20172e-07
172.2	8.16618e-07
172.4	8.13087e-07
172.6	8.09598e-07
172.8	8.06380e-07
173	8.03226e-07
173.2	7.99986e-07
173.4	7.96997e-07
173.6	7.93774e-07
173.8	7.90349e-07
174	7.87401e-07
174.2	7.83940e-07
174.4	7.80790e-07
174.6	7.77526e-07
174.8	7.74456e-07
175	7.71414e-07
175.2	7.68720e-07
175.4	7.65731e-07
175.6	7.63062e-07
175.8	7.60409e-07
176	7.57597e-07
176.2	7.54565e-07
176.4	7.51603e-07
176.6	7.48644e-07
176.8	7.45891e-07
177	7.43318e-07
177.2	7.40124e-07
177.4	7.37570e-07
177.6	7.35026e-07
177.8	7.32154e-07
178	7.29640e-07
178.2	7.26893e-07
178.4	7.23269e-07
178.6	7.20361e-07
178.8	7.17535e-07
179	7.14485e-07
179.2	7.11736e-07
179.4	7.08900e-07
179.6	7.06372e-07
179.8	7.03843e-07
180	7.01168e-07
180.2	6.98797e-07
180.4	6.96431e-07
180.6	6.93511e-07
180.8	6.91175e-07
181	6.88712e-07
181.2	6.85898e-07
181.4	6.83428e-07
181.6	6.80814e-07
181.8	6.78299e-07
182	6.75586e-07
182.2	6.73165e-07
182.4	6.70915e-07
182.6	6.68249e-07
182.8	6.65854e-07
183	6.63637e-07
183.2	6.61265e-07
183.4	6.58498e-07
183.6	6.56191e-07
183.8	6.53730e-07
184	6.51568e-07
184.2	6.49409e-07
184.4	6.46854e-07
184.6	6.44573e-07
184.8	6.42296e-07
185	6.40183e-07
185.2	6.37805e-07
185.4	6.35044e-07
185.6	6.32512e-07
185.8	6.30176e-07
186	6.27649e-07
186.2	6.25487e-07
186.4	6.22898e-07
186.6	6.20487e-07
186.8	6.18467e-07
187	6.16074e-07
187.2	6.14075e-07
187.4	6.11677e-07
187.6	6.09707e-07
187.8	6.07321e-07
188	6.04953e-07
188.2	6.02999e-07
188.4	6.00804e-07
188.6	5.98590e-07
188.8	5.96663e-07
189	5.94626e-07
189.2	5.92490e-07
189.4	5.90295e-07
189.6	5.88404e-07
189.8	5.86136e-07
190	5.84112e-07
190.2	5.82101e-07
190.4	5.80254e-07
190.6	5.78152e-07
190.8	5.76123e-07
191	5.74146e-07
191.2	5.72063e-07
191.4	5.70250e-07
191.6	5.67929e-07
191.8	5.66135e-07
192	5.64206e-07
192.2	5.62289e-07
192.4	5.60405e-07
192.6	5.58392e-07
192.8	5.56354e-07
193	5.53918e-07
193.2	5.51981e-07
193.4	5.50007e-07
193.6	5.48182e-07
193.8	5.46143e-07
194	5.43930e-07
194.2	5.42094e-07
194.4	5.40061e-07
194.6	5.38274e-07
194.8	5.36464e-07
195	5.34449e-07
195.2	5.32655e-07
195.4	5.30881e-07
195.6	5.28866e-07
195.8	5.27227e-07
196	5.25302e-07
196.2	5.23679e-07
196.4	5.21822e-07
196.6	5.20001e-07
196.8	5.18136e-07
197	5.16544e-07
197.2	5.14839e-07
197.4	5.13156e-07
197.6	5.11316e-07
197.8	5.09622e-07
198	5.07961e-07
198.2	5.06302e-07
198.4	5.04626e-07
198.6	5.03088e-07
198.8	5.01430e-07
199	4.99822e-07
199.2	4.98182e-07
199.4	4.96431e-07
199.6	4.94803e-07
199.8	4.93307e-07
200	4.91547e-07
200.2	4.89936e-07
200.4	4.88344e-07
200.6	4.86632e-07
200.8	4.84632e-07
201	4.82862e-07
201.2	4.81221e-07
201.4	4.79686e-07
201.6	4.77817e-07
201.8	4.76170e-07
202	4.74623e-07
202.2	4.73110e-07
202.4	4.71700e-07
202.6	4.70199e-07
202.8	4.68800e-07
203	4.67191e-07
203.2	4.65557e-07
203.4	4.64075e-07
203.6	4.52535e-07
203.8	4.51194e-07
204	4.49753e-07
204.2	4.47962e-07
204.4	4.46639e-07
204.6	4.45321e-07
204.8	4.43914e-07
205	4.42483e-07
205.2	4.41062e-07
205.4	4.39648e-07
205.6	4.38357e-07
205.8	4.36979e-07
206	4.35544e-07
206.2	4.34269e-07
206.4	4.33001e-07
206.6	4.31619e-07
206.8	4.30269e-07
207	4.29018e-07
207.2	4.27771e-07
207.4	4.26417e-07
207.6	4.24963e-07
207.8	4.23732e-07
208	4.22413e-07
208.2	4.21190e-07
208.4	4.19975e-07
208.6	4.18662e-07
208.8	4.17338e-07
209	4.15503e-07
209.2	4.14129e-07
209.4	4.12556e-07
209.6	4.11174e-07
209.8	4.09795e-07
210	4.08403e-07
210.2	4.07029e-07
210.4	4.05775e-07
210.6	4.04613e-07
210.8	4.03258e-07
211	4.01997e-07
211.2	4.00561e-07
211.4	3.99418e-07
211.6	3.98278e-07
211.8	3.97060e-07
212	3.95652e-07
212.2	3.94529e-07
212.4	3.93233e-07
212.6	3.92021e-07
212.8	3.90910e-07
213	3.89696e-07
213.2	3.88420e-07
213.4	3.87323e-07
213.6	3.86239e-07
213.8	3.85066e-07
214	3.83874e-07
214.2	3.82795e-07
214.4	3.81722e-07
214.6	3.80653e-07
214.8	3.79501e-07
215	3.78333e-07
215.2	3.77277e-07
215.4	3.76135e-07
215.6	3.75086e-07
215.8	3.73852e-07
216	3.72603e-07
216.2	3.71462e-07
216.4	3.70337e-07
216.6	3.69204e-07
216.8	3.68097e-07
217	3.66869e-07
217.2	3.65853e-07
217.4	3.64741e-07
217.6	3.63731e-07
217.8	3.62263e-07
218	3.61078e-07
218.2	3.59770e-07
218.4	3.58620e-07
218.6	3.57455e-07
218.8	3.56198e-07
219	3.55218e-07
219.2	3.54064e-07
219.4	3.53092e-07
219.6	3.52042e-07
219.8	3.51000e-07
220	3.50042e-07
220.2	3.48906e-07
220.4	3.47956e-07
220.6	3.47007e-07
220.8	3.46062e-07
221	3.44943e-07
221.2	3.43923e-07
221.4	3.42988e-07
221.6	3.41892e-07
221.8	3.40881e-07
222	3.39862e-07
222.2	3.38942e-07
222.4	3.37949e-07
222.6	3.36940e-07
222.8	3.35933e-07
223	3.35029e-07
223.2	3.33873e-07
223.4	3.32982e-07
223.6	3.31988e-07
223.8	3.31006e-07
224	3.30022e-07
224.2	3.29063e-07
224.4	3.28086e-07
224.6	3.27499e-07
224.8	3.26624e-07
225	3.25662e-07
225.2	3.24285e-07
225.4	3.23342e-07
225.6	3.22481e-07
225.8	3.21543e-07
226	3.20500e-07
226.2	3.19649e-07
226.4	3.18726e-07
226.6	3.17881e-07
226.8	3.17044e-07
227	3.15693e-07
227.2	3.14786e-07
227.4	3.13885e-07
227.6	3.12907e-07
227.8	3.11992e-07
228	3.10924e-07
228.2	3.10033e-07
228.4	3.09152e-07
228.6	3.08247e-07
228.8	3.07365e-07
229	3.06487e-07
229.2	3.05684e-07
229.4	3.04802e-07
229.6	3.03847e-07
229.8	3.03061e-07
230	3.02361e-07
230.2	3.01485e-07
230.4	3.00564e-07
230.6	2.99787e-07
230.8	2.99017e-07
231	2.98156e-07
231.2	2.97315e-07
231.4	2.96478e-07
231.6	2.95722e-07
231.8	2.94873e-07
232	2.94041e-07
232.2	2.93293e-07
232.4	2.92543e-07
232.6	2.91552e-07
232.8	2.90737e-07
233	2.90000e-07
233.2	2.89263e-07
233.4	2.88356e-07
233.6	2.87625e-07
233.8	2.86904e-07
234	2.86107e-07
234.2	2.85294e-07
234.4	2.84492e-07
234.6	2.83772e-07
234.8	2.82892e-07
235	2.82095e-07
235.2	2.81317e-07
235.4	2.80453e-07
235.6	2.79752e-07
235.8	2.78959e-07
236	2.78259e-07
236.2	2.77568e-07
236.4	2.76788e-07
236.6	2.76025e-07
236.8	2.75137e-07
237	2.74377e-07
237.2	2.73689e-07
237.4	2.72928e-07
237.6	2.72245e-07
237.8	2.71571e-07
238	2.70740e-07
238.2	2.69982e-07
238.4	2.69169e-07
238.6	2.68499e-07
238.8	2.67836e-07
239	2.67172e-07
239.2	2.66434e-07
239.4	2.65696e-07
239.6	2.65044e-07
239.8	2.64388e-07
240	2.63668e-07
240.2	2.62945e-07
240.4	2.62298e-07
240.6	2.61658e-07
240.8	2.60937e-07
241	2.60123e-07
241.2	2.59273e-07
241.4	2.58508e-07
241.6	2.57737e-07
241.8	2.56978e-07
242	2.56351e-07
242.2	2.50020e-07
242.4	2.49345e-07
242.6	2.48663e-07
242.8	2.47920e-07
243	2.47314e-07
243.2	2.46717e-07
243.4	2.45972e-07
243.6	2.45313e-07
243.8	2.44719e-07
244	2.44130e-07
244.2	2.43329e-07
244.4	2.42668e-07
244.6	2.42086e-07
244.8	2.41502e-07
245	2.40857e-07
245.2	2.40211e-07
245.4	2.39485e-07
245.6	2.38912e-07
245.8	2.38203e-07
246	2.37630e-07
246.2	2.36927e-07
246.4	2.36363e-07
246.6	2.35644e-07
246.8	2.35083e-07
247	2.34520e-07
247.2	2.33901e-07
247.4	2.33272e-07
247.6	2.32647e-07
247.8	2.32019e-07
248	2.31366e-07
248.2	2.30820e-07
248.4	2.30207e-07
248.6	2.29665e-07
248.8	2.28981e-07
249	2.28444e-07
249.2	2.27904e-07
249.4	2.27369e-07
249.6	2.26832e-07
249.8	2.26241e-07
250	2.25707e-07
250.2	2.25102e-07
250.4	2.24370e-07
250.6	2.23779e-07
250.8	2.23258e-07
251	2.22737e-07
251.2	2.22157e-07
251.4	2.21563e-07
251.6	2.21054e-07
251.8	2.20537e-07
252	2.20027e-07
252.2	2.19446e-07
252.4	2.18938e-07
252.6	2.18370e-07
252.8	2.17660e-07
253	2.17158e-07
253.2	2.16658e-07
253.4	2.16099e-07
253.6	2.15598e-07
253.8	2.15032e-07
254	2.14466e-07
254.2	2.13905e-07
254.4	2.13357e-07
254.6	2.12864e-07
254.8	2.12309e-07
255	2.11821e-07
255.2	2.11270e-07
255.4	2.10714e-07
255.6	2.10235e-07
255.8	2.09690e-07
256	2.09215e-07
256.2	2.08617e-07
256.4	2.08140e-07
256.6	2.07537e-07
256.8	2.07064e-07
257	2.06526e-07
257.2	2.06055e-07
257.4	2.05590e-07
257.6	2.05122e-07
257.8	2.04660e-07
258	2.04069e-07
258.2	2.03606e-07
258.4	2.03083e-07
258.6	2.02588e-07
258.8	2.01916e-07
259	2.01217e-07
259.2	2.00710e-07
259.4	2.00202e-07
259.6	1.99684e-07
259.8	1.99178e-07
260	1.98734e-07
260.2	1.98171e-07
260.4	1.97729e-07
260.6	1.97227e-07
260.8	1.96788e-07
261	1.96353e-07
261.2	1.95788e-07
261.4	1.95356e-07
261.6	1.94799e-07
261.8	1.94251e-07
262	1.93768e-07
262.2	1.93336e-07
262.4	1.92909e-07
262.6	1.92355e-07
262.8	1.91935e-07
263	1.91512e-07
263.2	1.90961e-07
263.4	1.90485e-07
263.6	1.90067e-07
263.8	1.89524e-07
264	1.89109e-07
264.2	1.88689e-07
264.4	1.88162e-07
264.6	1.87750e-07
264.8	1.87273e-07
265	1.86865e-07
265.2	1.86453e-07
265.4	1.85894e-07
265.6	1.85429e-07
265.8	1.84967e-07
266	1.84563e-07
266.2	1.84158e-07
266.4	1.83696e-07
266.6	1.83242e-07
266.8	1.82840e-07
267	1.82380e-07
267.2	1.81985e-07
267.4	1.81532e-07
267.6	1.81139e-07
267.8	1.80691e-07
268	1.80184e-07
268.2	1.79735e-07
268.4	1.79345e-07
268.6	1.78959e-07
268.8	1.78571e-07
269	1.78187e-07
269.2	1.77751e-07
269.4	1.77366e-07
269.6	1.76925e-07
269.8	1.76485e-07
270	1.76109e-07
270.2	1.75680e-07
270.4	1.75301e-07
270.6	1.74871e-07
270.8	1.74448e-07
271	1.74072e-07
271.2	1.73640e-07
271.4	1.73267e-07
271.6	1.72899e-07
271.8	1.72476e-07
272	1.72106e-07
272.2	1.71740e-07
272.4	1.71321e-07
272.6	1.70905e-07
272.8	1.70483e-07
273	1.70118e-07
273.2	1.69759e-07
273.4	1.69258e-07
273.6	1.68743e-07
273.8	1.68334e-07
274	1.67810e-07
274.2	1.67297e-07
274.4	1.66945e-07
274.6	1.66538e-07
274.8	1.66187e-07
275	1.65725e-07
275.2	1.65326e-07
275.4	1.64980e-07
275.6	1.64578e-07
275.8	1.64146e-07
276	1.63749e-07
276.2	1.63355e-07
276.4	1.63014e-07
276.6	1.62669e-07
276.8	1.62273e-07
277	1.61881e-07
277.2	1.61544e-07
277.4	1.61150e-07
277.6	1.60811e-07
277.8	1.60322e-07
278	1.59940e-07
278.2	1.59605e-07
278.4	1.55666e-07
278.6	1.55341e-07
278.8	1.54969e-07
279	1.54594e-07
279.2	1.54273e-07
279.4	1.53954e-07
279.6	1.53633e-07
279.8	1.53316e-07
280	1.52846e-07
280.2	1.52530e-07
280.4	1.52216e-07
280.6	1.51900e-07
280.8	1.51538e-07
281	1.51227e-07
281.2	1.50866e-07
281.4	1.50557e-07
281.6	1.50249e-07
281.8	1.49831e-07
282	1.49526e-07
282.2	1.49169e-07
282.4	1.48812e-07
282.6	1.48460e-07
282.8	1.48154e-07
283	1.47852e-07
283.2	1.47549e-07
283.4	1.47248e-07
283.6	1.46895e-07
283.8	1.46544e-07
284	1.46199e-07
284.2	1.45847e-07
284.4	1.45504e-07
284.6	1.45210e-07
284.8	1.44860e-07
285	1.44567e-07
285.2	1.44275e-07
285.4	1.43980e-07
285.6	1.43643e-07
285.8	1.43250e-07
286	1.42961e-07
286.2	1.42674e-07
286.4	1.42384e-07
286.6	1.42045e-07
286.8	1.41709e-07
287	1.41426e-07
287.2	1.41047e-07
287.4	1.40762e-07
287.6	1.40428e-07
287.8	1.40144e-07
288	1.39864e-07
288.2	1.39558e-07
288.4	1.39277e-07
288.6	1.38998e-07
288.8	1.38552e-07
289	1.38138e-07
289.2	1.37817e-07
289.4	1.37443e-07
289.6	1.37123e-07
289.8	1.36852e-07
290	1.36531e-07
290.2	1.36211e-07
290.4	1.35893e-07
290.6	1.35575e-07
290.8	1.35307e-07
291	1.34946e-07
291.2	1.34629e-07
291.4	1.34361e-07
291.6	1.34050e-07
291.8	1.33786e-07
292	1.33520e-07
292.2	1.33212e-07
292.4	1.32902e-07
292.6	1.32640e-07
292.8	1.32380e-07
293	1.32023e-07
293.2	1.31764e-07
293.4	1.31461e-07
293.6	1.31153e-07
293.8	1.30896e-07
294	1.30637e-07
294.2	1.30382e-07
294.4	1.30036e-07
294.6	1.29730e-07
294.8	1.29477e-07
295	1.29134e-07
295.2	1.28883e-07
295.4	1.28540e-07
295.6	1.28288e-07
295.8	1.28038e-07
296	1.27738e-07
296.2	1.27490e-07
296.4	1.27244e-07
296.6	1.26994e-07
296.8	1.26705e-07
297	1.26460e-07
297.2	1.26123e-07
297.4	1.25879e-07
297.6	1.25634e-07
297.8	1.25343e-07
298	1.25058e-07
298.2	1.24725e-07
298.4	1.24485e-07
298.6	1.24243e-07
298.8	1.24005e-07
299	1.23717e-07
299.2	1.23480e-07
299.4	1.23241e-07
299.6	1.22896e-07
299.8	1.22659e-07
300	1.22432e-07
300.2	1.22199e-07
300.4	1.21965e-07
300.6	1.21733e-07
300.8	1.21500e-07
301	1.21269e-07
301.2	1.20946e-07
301.4	1.20716e-07
301.6	1.20446e-07
301.8	1.20216e-07
302	1.19989e-07
302.2	1.19761e-07
302.4	1.19535e-07
302.6	1.19266e-07
302.8	1.18995e-07
303	1.18771e-07
303.2	1.18546e-07
303.4	1.18323e-07
303.6	1.18098e-07
303.8	1.17832e-07
304	1.17568e-07
304.2	1.17348e-07
304.4	1.17125e-07
304.6	1.16902e-07
304.8	1.16684e-07
305	1.16463e-07
305.2	1.16246e-07
305.4	1.15985e-07
305.6	1.15769e-07
305.8	1.15510e-07
306	1.15291e-07
306.2	1.14919e-07
306.4	1.14664e-07
306.6	1.14451e-07
306.8	1.14132e-07
307	1.13796e-07
307.2	1.13543e-07
307.4	1.13332e-07
307.6	1.13079e-07
307.8	1.12868e-07
308	1.12620e-07
308.2	1.12410e-07
308.4	1.12162e-07
308.6	1.11952e-07
308.8	1.11746e-07
309	1.11455e-07
309.2	1.11125e-07
309.4	1.10921e-07
309.6	1.10674e-07
309.8	1.10470e-07
310	1.10226e-07
310.2	1.10024e-07
310.4	1.09820e-07
310.6	1.09617e-07
310.8	1.09377e-07
311	1.09175e-07
311.2	1.08975e-07
311.4	1.08774e-07
311.6	1.08575e-07
311.8	1.08295e-07
312	1.08058e-07
312.2	1.07860e-07
312.4	1.07662e-07
312.6	1.07427e-07
312.8	1.07230e-07
313	1.07035e-07
313.2	1.06800e-07
313.4	1.06607e-07
313.6	1.06412e-07
313.8	1.06217e-07
314	1.05985e-07
314.2	1.05791e-07
314.4	1.03166e-07
314.6	1.02940e-07
314.8	1.02716e-07
315	1.02530e-07
315.2	1.02342e-07
315.4	1.02158e-07
315.6	1.01972e-07
315.8	1.01790e-07
316	1.01567e-07
316.2	1.01385e-07
316.4	1.01163e-07
316.6	1.00983e-07
316.8	1.00800e-07
317	1.00618e-07
317.2	1.00438e-07
317.4	1.00179e-07
317.6	1.00000e-07
317.8	9.98198e-08
318	9.96423e-08
318.2	9.94257e-08
318.4	9.92460e-08
318.6	9.90309e-08
318.8	9.88529e-08
319	9.86780e-08
319.2	9.85008e-08
319.4	9.83266e-08
319.6	9.81126e-08
319.8	9.79373e-08
320	9.77275e-08
320.2	9.75528e-08
320.4	9.73443e-08
320.6	9.71706e-08
320.8	9.69597e-08
321	9.67868e-08
321.2	9.66165e-08
321.4	9.64442e-08
321.6	9.62724e-08
321.8	9.61037e-08
322	9.59333e-08
322.2	9.57290e-08
322.4	9.55596e-08
322.6	9.53539e-08
322.8	9.51854e-08
323	9.50170e-08
323.2	9.48512e-08
323.4	9.46109e-08
323.6	9.44459e-08
323.8	9.41806e-08
324	9.40169e-08
324.2	9.38510e-08
324.4	9.36502e-08
324.6	9.34874e-08
324.8	9.33228e-08
325	9.31611e-08
325.2	9.29599e-08
325.4	9.27989e-08
325.6	9.26361e-08
325.8	9.24761e-08
326	9.23142e-08
326.2	9.21522e-08
326.4	9.19578e-08
326.6	9.17973e-08
326.8	9.16043e-08
327	9.14060e-08
327.2	9.12126e-08
327.4	9.10537e-08
327.6	9.08953e-08
327.8	9.07389e-08
328	9.05441e-08
328.2	9.03874e-08
328.4	9.02304e-08
328.6	9.00757e-08
328.8	8.99186e-08
329	8.97626e-08
329.2	8.96092e-08
329.4	8.94199e-08
329.6	8.92329e-08
329.8	8.90788e-08
330	8.89265e-08
330.2	8.87731e-08
330.4	8.86221e-08
330.6	8.84151e-08
330.8	8.81953e-08
331	8.79752e-08
331.2	8.77546e-08
331.4	8.75709e-08
331.6	8.74205e-08
331.8	8.72380e-08
332	8.70553e-08
332.2	8.69058e-08
332.4	8.67250e-08
332.6	8.65765e-08
332.8	8.63966e-08
333	8.62490e-08
333.2	8.60692e-08
333.4	8.59224e-08
333.6	8.57763e-08
333.8	8.56316e-08
334	8.54519e-08
334.2	8.53081e-08
334.4	8.51633e-08
334.6	8.49517e-08
334.8	8.48075e-08
335	8.46319e-08
335.2	8.44881e-08
335.4	8.43450e-08
335.6	8.41696e-08
335.8	8.40271e-08
336	8.38536e-08
336.2	8.36789e-08
336.4	8.35393e-08
336.6	8.33979e-08
336.8	8.32570e-08
337	8.31181e-08
337.2	8.29782e-08
337.4	8.28076e-08
337.6	8.26359e-08
337.8	8.24988e-08
338	8.23600e-08
338.2	8.22216e-08
338.4	8.20855e-08
338.6	8.19482e-08
338.8	8.18125e-08
339	8.16085e-08
339.2	8.14410e-08
339.4	8.12711e-08
339.6	8.11372e-08
339.8	8.10015e-08
340	8.08662e-08
340.2	8.07012e-08
340.4	8.05668e-08
340.6	8.04343e-08
340.8	8.02678e-08
341	8.01364e-08
341.2	8.00032e-08
341.4	7.98702e-08
341.6	7.97394e-08
341.8	7.96075e-08
342	7.94773e-08
342.2	7.93123e-08
342.4	7.91831e-08
342.6	7.89029e-08
342.8	7.87741e-08
343	7.86124e-08
343.2	7.84827e-08
343.4	7.83547e-08
343.6	7.82255e-08
343.8	7.80979e-08
344	7.79692e-08
344.2	7.78427e-08
344.4	7.77150e-08
344.6	7.75564e-08
344.8	7.74304e-08
345	7.73034e-08
345.2	7.71461e-08
345.4	7.70192e-08
345.6	7.68948e-08
345.8	7.67381e-08
346	7.66130e-08
346.2	7.64577e-08
346.4	7.62992e-08
346.6	7.61762e-08
346.8	7.60213e-08
347	7.58990e-08
347.2	7.57755e-08
347.4	7.56539e-08
347.6	7.55307e-08
347.8	7.54082e-08
348	7.52874e-08
348.2	7.51654e-08
348.4	7.50448e-08
348.6	7.49229e-08
348.8	7.47415e-08
349	7.46202e-08
349.2	7.44694e-08
349.4	7.43509e-08
349.6	7.42306e-08
349.8	7.40816e-08
350	7.39619e-08
350.2	7.38443e-08
350.4	7.37255e-08
350.6	7.36069e-08
350.8	7.34902e-08
351	7.33715e-08
351.2	7.15680e-08
351.4	7.14532e-08
351.6	7.12809e-08
351.8	7.11666e-08
352	7.10540e-08
352.2	7.09402e-08
352.4	7.08266e-08
352.6	7.07151e-08
352.8	7.06021e-08
353	7.04598e-08
353.2	7.03472e-08
353.4	7.02363e-08
353.6	7.00936e-08
353.8	6.99811e-08
354	6.98706e-08
354.2	6.97295e-08
354.4	6.95909e-08
354.6	6.94805e-08
354.8	6.93716e-08
355	6.92613e-08
355.2	6.91515e-08
355.4	6.90436e-08
355.6	6.89341e-08
355.8	6.88267e-08
356	6.87177e-08
356.2	6.86103e-08
356.4	6.85023e-08
356.6	6.83215e-08
356.8	6.81279e-08
357	6.80205e-08
357.2	6.78558e-08
357.4	6.76919e-08
357.6	6.75871e-08
357.8	6.74808e-08
358	6.73474e-08
358.2	6.72417e-08
358.4	6.71056e-08
358.6	6.69734e-08
358.8	6.68678e-08
359	6.67645e-08
359.2	6.66316e-08
359.4	6.65004e-08
359.6	6.63962e-08
359.8	6.62923e-08
360	6.61903e-08
360.2	6.60009e-08
360.4	6.58996e-08
360.6	6.57966e-08
360.8	6.56957e-08
361	6.55934e-08
361.2	6.54645e-08
361.4	6.53626e-08
361.6	6.52607e-08
361.8	6.51607e-08
362	6.50595e-08
362.2	6.49323e-08
362.4	6.48315e-08
362.6	6.46601e-08
362.8	6.45598e-08
363	6.44599e-08
363.2	6.43338e-08
363.4	6.42346e-08
363.6	6.41082e-08
363.8	6.40096e-08
364	6.38846e-08
364.2	6.37858e-08
364.4	6.36874e-08
364.6	6.35909e-08
364.8	6.34656e-08
365	6.33692e-08
365.2	6.32720e-08
365.4	6.31767e-08
365.6	6.30525e-08
365.8	6.29571e-08
366	6.28606e-08
366.2	6.27370e-08
366.4	6.26422e-08
366.6	6.25464e-08
366.8	6.24523e-08
367	6.23277e-08
367.2	6.22337e-08
367.4	6.21119e-08
367.6	6.19621e-08
367.8	6.18688e-08
368	6.17745e-08
368.2	6.16818e-08
368.4	6.15880e-08
368.6	6.14958e-08
368.8	6.14024e-08
369	6.13088e-08
369.2	6.12173e-08
369.4	6.10710e-08
369.6	6.09798e-08
369.8	6.08871e-08
370	6.07962e-08
370.2	6.06779e-08
370.4	6.05872e-08
370.6	6.04960e-08
370.8	6.04046e-08
371	6.03151e-08
371.2	6.02238e-08
371.4	6.01083e-08
371.6	6.00171e-08
371.8	5.99282e-08
372	5.98383e-08
372.2	5.97485e-08
372.4	5.96600e-08
372.6	5.95430e-08
372.8	5.94028e-08
373	5.93138e-08
373.2	5.92263e-08
373.4	5.91377e-08
373.6	5.90492e-08
373.8	5.89366e-08
374	5.88487e-08
374.2	5.87616e-08
374.4	5.86742e-08
374.6	5.85881e-08
374.8	5.85008e-08
375	5.84151e-08
375.2	5.83282e-08
375.4	5.82160e-08
375.6	5.81307e-08
375.8	5.80447e-08
376	5.79594e-08
376.2	5.78220e-08
376.4	5.77376e-08
376.6	5.76521e-08
376.8	5.75660e-08
377	5.74819e-08
377.2	5.73971e-08
377.4	5.73134e-08
377.6	5.72289e-08
377.8	5.71457e-08
378	5.70366e-08
378.2	5.69540e-08
378.4	5.68698e-08
378.6	5.67610e-08
378.8	5.66788e-08
379	5.65956e-08
379.2	5.64614e-08
379.4	5.63777e-08
379.6	5.62963e-08
379.8	5.62138e-08
380	5.61315e-08
380.2	5.60504e-08
380.4	5.59439e-08
380.6	5.58633e-08
380.8	5.57815e-08
381	5.57008e-08
381.2	5.55948e-08
381.4	5.55138e-08
381.6	5.54339e-08
381.8	5.53517e-08
382	5.52722e-08
382.2	5.51917e-08
382.4	5.51127e-08
382.6	5.50324e-08
382.8	5.49297e-08
383	5.48248e-08
383.2	5.47453e-08
383.4	5.46673e-08
383.6	5.45878e-08
383.8	5.44859e-08
384	5.44070e-08
384.2	5.42905e-08
384.4	5.42120e-08
384.6	5.41336e-08
384.8	5.40567e-08
385	5.38925e-08
385.2	5.37917e-08
385.4	5.36658e-08
385.6	5.35894e-08
385.8	5.34881e-08
386	5.34112e-08
386.2	5.33352e-08
386.4	5.32105e-08
386.6	5.31351e-08
386.8	5.30587e-08
387	5.29599e-08
387.2	5.28839e-08
387.4	5.28093e-08
387.6	5.27090e-08
387.8	5.25853e-08
388	5.12703e-08
388.2	5.11968e-08
388.4	5.11248e-08
388.6	5.10515e-08
388.8	5.09557e-08
389	5.08595e-08
389.2	5.07742e-08
389.4	5.07030e-08
389.6	5.06307e-08
389.8	5.05599e-08
390	5.04642e-08
390.2	5.03936e-08
390.4	5.03218e-08
390.6	5.02266e-08
390.8	5.01567e-08
391	5.00855e-08
391.2	4.99921e-08
391.4	4.99213e-08
391.6	4.98285e-08
391.8	4.97580e-08
392	4.96889e-08
392.2	4.96182e-08
392.4	4.95483e-08
392.6	4.94794e-08
392.8	4.93867e-08
393	4.93183e-08
393.2	4.92486e-08
393.4	4.91570e-08
393.6	4.90641e-08
393.8	4.89953e-08
394	4.89044e-08
394.2	4.88353e-08
394.4	4.87680e-08
394.6	4.86764e-08
394.8	4.86093e-08
395	4.85411e-08
395.2	4.84731e-08
395.4	4.84063e-08
395.6	4.83386e-08
395.8	4.82723e-08
396	4.82048e-08
396.2	4.81158e-08
396.4	4.80031e-08
396.6	4.79373e-08
396.8	4.78696e-08
397	4.78030e-08
397.2	4.77375e-08
397.4	4.76712e-08
397.6	4.76060e-08
397.8	4.75397e-08
398	4.74748e-08
398.2	4.74101e-08
398.4	4.73217e-08
398.6	4.72573e-08
398.8	4.71707e-08
399	4.71046e-08
399.2	4.70407e-08
399.4	4.69764e-08
399.6	4.68902e-08
399.8	4.68255e-08
400	4.59595e-08
400.2	4.58976e-08
400.4	4.58025e-08
400.6	4.57394e-08
400.8	4.56556e-08
401	4.55932e-08
401.2	4.55331e-08
401.4	4.54698e-08
401.6	4.54073e-08
401.8	4.53456e-08
402	4.52832e-08
402.2	4.52209e-08
402.4	4.51596e-08
402.6	4.50884e-08
402.8	4.50280e-08
403	4.49662e-08
403.2	4.49046e-08
403.4	4.48439e-08
403.6	4.47394e-08
403.8	4.46763e-08
404	4.45955e-08
404.2	4.45343e-08
404.4	4.44747e-08
404.6	4.44135e-08
404.8	4.43538e-08
405	4.42941e-08
405.2	4.42329e-08
405.4	4.41749e-08
405.6	4.41152e-08
405.8	4.40543e-08
406	4.39749e-08
406.2	4.39055e-08
406.4	4.39494e-08
406.6	4.38903e-08
406.8	4.38312e-08
407	4.37717e-08
407.2	4.37136e-08
407.4	4.36552e-08
407.6	4.35951e-08
407.8	4.35376e-08
408	4.34803e-08
408.2	4.34211e-08
408.4	4.33648e-08
408.6	4.33050e-08
408.8	4.32470e-08
409	4.31894e-08
409.2	4.31319e-08
409.4	4.30750e-08
409.6	4.29949e-08
409.8	4.29377e-08
410	4.28839e-08
410.2	4.28257e-08
410.4	4.27693e-08
410.6	4.27105e-08
410.8	4.26549e-08
411	4.25986e-08
411.2	4.25388e-08
411.4	4.24856e-08
411.6	4.24299e-08
411.8	4.23631e-08
412	4.23081e-08
412.2	4.22525e-08
412.4	4.21962e-08
412.6	4.21405e-08
412.8	4.20849e-08
413	4.20064e-08
413.2	4.19499e-08
413.4	4.18964e-08
413.6	4.18419e-08
413.8	4.17866e-08
414	4.17332e-08
414.2	4.16771e-08
414.4	4.16236e-08
414.6	4.15685e-08
414.8	4.15151e-08
415	4.14568e-08
415.2	4.14033e-08
415.4	4.13509e-08
415.6	4.12948e-08
415.8	4.12429e-08
416	4.11877e-08
416.2	4.11346e-08
416.4	4.06910e-08
416.6	4.06372e-08
416.8	4.05856e-08
417	4.05343e-08
417.2	4.04773e-08
417.4	4.04258e-08
417.6	4.03711e-08
417.8	4.03211e-08
418	4.02658e-08
418.2	4.02137e-08
418.4	4.01612e-08
418.6	4.01093e-08
418.8	4.00567e-08
419	4.00043e-08
419.2	3.99532e-08
419.4	3.99001e-08
419.6	3.98281e-08
419.8	3.97787e-08
420	3.97262e-08
420.2	3.96738e-08
420.4	3.96222e-08
420.6	3.95708e-08
420.8	3.95211e-08
421	3.94698e-08
421.2	3.94167e-08
421.4	3.93679e-08
421.6	3.93166e-08
421.8	3.92650e-08
422	3.92142e-08
422.2	3.91635e-08
422.4	3.91024e-08
422.6	3.90324e-08
422.8	3.89627e-08
423	3.89127e-08
423.2	3.88418e-08
423.4	3.79129e-08
423.6	3.78636e-08
423.8	3.77958e-08
424	3.77466e-08
424.2	3.76982e-08
424.4	3.76504e-08
424.6	3.75827e-08
424.8	3.75330e-08
425	3.74866e-08
425.2	3.74391e-08
425.4	3.73897e-08
425.6	3.73239e-08
425.8	3.72751e-08
426	3.72283e-08
426.2	3.71734e-08
426.4	3.71251e-08
426.6	3.70776e-08
426.8	3.70298e-08
427	3.69635e-08
427.2	3.69181e-08
427.4	3.68710e-08
427.6	3.68230e-08
427.8	3.67769e-08
428	3.67295e-08
428.2	3.66837e-08
428.4	3.66353e-08
428.6	3.65707e-08
428.8	3.65260e-08
429	3.64780e-08
429.2	3.64317e-08
429.4	3.63867e-08
429.6	3.63343e-08
429.8	3.62892e-08
430	3.62413e-08
430.2	3.61973e-08
430.4	3.61340e-08
430.6	3.60864e-08
430.8	3.60409e-08
431	3.59960e-08
431.2	3.59498e-08
431.4	3.59039e-08
431.6	3.58592e-08
431.8	3.58174e-08
432	3.57702e-08
432.2	3.57247e-08
432.4	3.56801e-08
432.6	3.56153e-08
432.8	3.55721e-08
433	3.55267e-08
433.2	3.54836e-08
433.4	3.54390e-08
433.6	3.54144e-08
433.8	3.53690e-08
434	3.53266e-08
434.2	3.52811e-08
434.4	3.52208e-08
434.6	3.51763e-08
434.8	3.51327e-08
435	3.50888e-08
435.2	3.50258e-08
435.4	3.49844e-08
435.6	3.49389e-08
435.8	3.48964e-08
436	3.48343e-08
436.2	3.47913e-08
436.4	3.47483e-08
436.6	3.47055e-08
436.8	3.46442e-08
437	3.46014e-08
437.2	3.45595e-08
437.4	3.45164e-08
437.6	3.44728e-08
437.8	3.44125e-08
438	3.43703e-08
438.2	3.43273e-08
438.4	3.42855e-08
438.6	3.42427e-08
438.8	3.42020e-08
439	3.41595e-08
439.2	3.41001e-08
439.4	3.40403e-08
439.6	3.39997e-08
439.8	3.39561e-08
440	3.39140e-08
440.2	3.38719e-08
440.4	3.38326e-08
440.6	3.37900e-08
440.8	3.37311e-08
441	3.36898e-08
441.2	3.36476e-08
441.4	3.36073e-08
441.6	3.35372e-08
441.8	3.34956e-08
442	3.34550e-08
442.2	3.34135e-08
442.4	3.33733e-08
442.6	3.33332e-08
442.8	3.32737e-08
443	3.32341e-08
443.2	3.31932e-08
443.4	3.31519e-08
443.6	3.31125e-08
443.8	3.30721e-08
444	3.31092e-08
444.2	3.30706e-08
444.4	3.30294e-08
444.6	3.29896e-08
444.8	3.29493e-08
445	3.29095e-08
445.2	3.28696e-08
445.4	3.28309e-08
445.6	3.27903e-08
445.8	3.27514e-08
446	3.27109e-08
446.2	3.26548e-08
446.4	3.26158e-08
446.6	3.25752e-08
446.8	3.25373e-08
447	3.24967e-08
447.2	3.24589e-08
447.4	3.24193e-08
447.6	3.23800e-08
447.8	3.23426e-08
448	3.23025e-08
448.2	3.22644e-08
448.4	3.22259e-08
448.6	3.21870e-08
448.8	3.21479e-08
449	3.21102e-08
449.2	3.20717e-08
449.4	3.20333e-08
449.6	3.19948e-08
449.8	3.19400e-08
450	3.19012e-08
450.2	3.18628e-08
450.4	3.18257e-08
450.6	3.17868e-08
450.8	3.17493e-08
451	3.17121e-08
451.2	3.16575e-08
451.4	3.16184e-08
451.6	3.15822e-08
451.8	3.15441e-08
452	3.15067e-08
452.2	3.14703e-08
452.4	3.14326e-08
452.6	3.13943e-08
452.8	3.13579e-08
453	3.13210e-08
453.2	3.12835e-08
453.4	3.12461e-08
453.6	3.12092e-08
453.8	3.11727e-08
454	3.11364e-08
454.2	3.10992e-08
454.4	3.10462e-08
454.6	3.10098e-08
454.8	3.09723e-08
455	3.09364e-08
455.2	3.08987e-08
455.4	3.08633e-08
455.6	3.08267e-08
455.8	3.07901e-08
456	3.07566e-08
456.2	3.07189e-08
456.4	3.06822e-08
456.6	3.06464e-08
456.8	3.06108e-08
457	3.05759e-08
457.2	3.05392e-08
457.4	3.04867e-08
457.6	3.04523e-08
457.8	3.04163e-08
458	3.03805e-08
458.2	3.03445e-08
458.4	2.96035e-08
458.6	2.95679e-08
458.8	2.95335e-08
459	2.95000e-08
459.2	2.94655e-08
459.4	2.94304e-08
459.6	2.93967e-08
459.8	2.93636e-08
460	2.90449e-08
460.2	2.90104e-08
460.4	2.89763e-08
460.6	2.89435e-08
460.8	2.89087e-08
461	2.88756e-08
461.2	2.88423e-08
461.4	2.88093e-08
461.6	2.87691e-08
461.8	2.87360e-08
462	2.87024e-08
462.2	2.86697e-08
462.4	2.86357e-08
462.6	2.85863e-08
462.8	2.85540e-08
463	2.85209e-08
463.2	2.84873e-08
463.4	2.84549e-08
463.6	2.84219e-08
463.8	2.83893e-08
464	2.83561e-08
464.2	2.83235e-08
464.4	2.82911e-08
464.6	2.82579e-08
464.8	2.82252e-08
465	2.81931e-08
465.2	2.81613e-08
465.4	2.81282e-08
465.6	2.80955e-08
465.8	2.80629e-08
466	2.80314e-08
466.2	2.79984e-08
466.4	2.79661e-08
466.6	2.79336e-08
466.8	2.79025e-08
467	2.78703e-08
467.2	2.78384e-08
467.4	2.78070e-08
467.6	2.77748e-08
467.8	2.77431e-08
468	2.77119e-08
468.2	2.76803e-08
468.4	2.76482e-08
468.6	2.76172e-08
468.8	2.75861e-08
469	2.75546e-08
469.2	2.75231e-08
469.4	2.74914e-08
469.6	2.74603e-08
469.8	2.74290e-08
470	2.73975e-08
470.2	2.73668e-08
470.4	2.73360e-08
470.6	2.73046e-08
470.8	2.72740e-08
471	2.72434e-08
471.2	2.71731e-08
471.4	2.71261e-08
471.6	2.70902e-08
471.8	2.70451e-08
472	2.70144e-08
472.2	2.69673e-08
472.4	2.69373e-08
472.6	2.69068e-08
472.8	2.68776e-08
473	2.68311e-08
473.2	2.68012e-08
473.4	2.67708e-08
473.6	2.67412e-08
473.8	2.67105e-08
474	2.66652e-08
474.2	2.66350e-08
474.4	2.66050e-08
474.6	2.65751e-08
474.8	2.65458e-08
475	2.65160e-08
475.2	2.64708e-08
475.4	2.64416e-08
475.6	2.64120e-08
475.8	2.63824e-08
476	2.63523e-08
476.2	2.63223e-08
476.4	2.62941e-08
476.6	2.62652e-08
476.8	2.62202e-08
477	2.61906e-08
477.2	2.61614e-08
477.4	2.61326e-08
477.6	2.61036e-08
477.8	2.60749e-08
478	2.60455e-08
478.2	2.60171e-08
478.4	2.59882e-08
478.6	2.59589e-08
478.8	2.59009e-08
479	2.58716e-08
479.2	2.58429e-08
479.4	2.58141e-08
479.6	2.57864e-08
479.8	2.57578e-08
480	2.57293e-08
480.2	2.57011e-08
480.4	2.56578e-08
480.6	2.56296e-08
480.8	2.56020e-08
481	2.55589e-08
481.2	2.55304e-08
481.4	2.55023e-08
481.6	2.54748e-08
481.8	2.54466e-08
482	2.54038e-08
482.2	2.53764e-08
482.4	2.53486e-08
482.6	2.53210e-08
482.8	2.52927e-08
483	2.52656e-08
483.2	2.52377e-08
483.4	2.52099e-08
483.6	2.51483e-08
483.8	2.51215e-08
484	2.50940e-08
484.2	2.50655e-08
484.4	2.50387e-08
484.6	2.50114e-08
484.8	2.49839e-08
485	2.49571e-08
485.2	2.49295e-08
485.4	2.49624e-08
485.6	2.49356e-08
485.8	2.49072e-08
486	2.48803e-08
486.2	2.48535e-08
486.4	2.48128e-08
486.6	2.47849e-08
486.8	2.47582e-08
487	2.47319e-08
487.2	2.47035e-08
487.4	2.46624e-08
487.6	2.46364e-08
487.8	2.46092e-08
488	2.45827e-08
488.2	2.45566e-08
488.4	2.45196e-08
488.6	2.44933e-08
488.8	2.44660e-08
489	2.44399e-08
489.2	2.44141e-08
489.4	2.43880e-08
489.6	2.43470e-08
489.8	2.43210e-08
490	2.42941e-08
490.2	2.42683e-08
490.4	2.42423e-08
490.6	2.42165e-08
490.8	2.41907e-08
491	2.41496e-08
491.2	2.41243e-08
491.4	2.40939e-08
491.6	2.40685e-08
491.8	2.40415e-08
492	2.40162e-08
492.2	2.39905e-08
492.4	2.39650e-08
492.6	2.39399e-08
492.8	2.38940e-08
493	2.38691e-08
493.2	2.32719e-08
493.4	2.32474e-08
493.6	2.32223e-08
493.8	2.31982e-08
494	2.31731e-08
494.2	2.31489e-08
494.4	2.31107e-08
494.6	2.30855e-08
494.8	2.30609e-08
495	2.30366e-08
495.2	2.30121e-08
495.4	2.29881e-08
495.6	2.29626e-08
495.8	2.29339e-08
496	2.29095e-08
496.2	2.28850e-08
496.4	2.28609e-08
496.6	2.28366e-08
496.8	2.28123e-08
497	2.27885e-08
497.2	2.27638e-08
497.4	2.27400e-08
497.6	2.27168e-08
497.8	2.26785e-08
498	2.26544e-08
498.2	2.26306e-08
498.4	2.26067e-08
498.6	2.25826e-08
498.8	2.25593e-08
499	2.25355e-08
499.2	2.25121e-08
499.4	2.24881e-08
499.6	2.24647e-08
499.8	1.95002e-08
