# BINNING-O: MIN=0 BINWIDTH=0.0098673797
# GP-LABEL-O: log( O / H ) + 12
# 1: O / dex	2: probability
6.70488450615	2.08319e-10
6.72461926555	1.18672e-09
6.73448664525	9.81324e-10
6.74435402495	8.16983e-10
6.75422140465	6.16058e-10
6.76408878435	7.95270e-09
6.77395616405	1.88842e-07
6.78382354375	8.80327e-07
6.79369092345	1.66483e-06
6.80355830315	2.69826e-06
6.81342568285	4.48605e-06
6.82329306255	6.58069e-06
6.83316044225	1.01190e-05
6.84302782195	1.20557e-05
6.85289520165	1.62736e-05
6.86276258135	2.22985e-05
6.87262996105	2.50231e-05
6.88249734075	2.78253e-05
6.89236472045	3.08646e-05
6.90223210015	3.58787e-05
6.91209947985	4.29733e-05
6.92196685955	5.05483e-05
6.93183423925	5.73739e-05
6.94170161895	6.64778e-05
6.95156899865	7.63273e-05
6.96143637835	8.68646e-05
6.97130375805	1.07109e-04
6.98117113775	1.36243e-04
6.99103851745	1.53907e-04
7.00090589715	2.01308e-04
7.01077327685	2.29518e-04
7.02064065655	2.28720e-04
7.03050803625	2.57983e-04
7.04037541595	2.58890e-04
7.05024279565	2.74211e-04
7.06011017535	2.91210e-04
7.06997755505	2.41797e-04
7.07984493475	2.19198e-04
7.08971231445	2.08298e-04
7.09957969415	2.13539e-04
7.10944707385	2.04381e-04
7.11931445355	2.04347e-04
7.12918183325	1.93087e-04
7.13904921295	1.86567e-04
7.14891659265	1.87295e-04
7.15878397235	1.84681e-04
7.16865135205	1.75411e-04
7.17851873175	1.65841e-04
7.18838611145	1.62605e-04
7.19825349115	1.61087e-04
7.20812087085	1.61904e-04
7.21798825055	1.51808e-04
7.22785563025	1.50610e-04
7.23772300995	1.48798e-04
7.24759038965	1.60918e-04
7.25745776935	1.40261e-04
7.26732514905	1.34997e-04
7.27719252875	1.55364e-04
7.28705990845	1.54181e-04
7.29692728815	1.60903e-04
7.30679466785	1.47227e-04
7.31666204755	1.54453e-04
7.32652942725	1.38991e-04
7.33639680695	1.30000e-04
7.34626418665	1.43677e-04
7.35613156635	1.38898e-04
7.36599894605	1.28534e-04
7.37586632575	1.18734e-04
7.38573370545	1.26294e-04
7.39560108515	1.26876e-04
7.40546846485	1.38948e-04
7.41533584455	1.27918e-04
7.42520322425	1.33161e-04
7.43507060395	1.58702e-04
7.44493798365	1.44975e-04
7.45480536335	1.39641e-04
7.46467274305	1.34595e-04
7.47454012275	1.37263e-04
7.48440750245	1.33437e-04
7.49427488215	1.44911e-04
7.50414226185	1.45602e-04
7.51400964155	1.23852e-04
7.52387702125	1.57367e-04
7.53374440095	1.48195e-04
7.54361178065	1.60824e-04
7.55347916035	1.90957e-04
7.56334654005	1.42283e-04
7.57321391975	1.98250e-04
7.58308129945	1.79081e-04
7.59294867915	1.57276e-04
7.60281605885	2.01862e-04
7.61268343855	1.71286e-04
7.62255081825	2.03099e-04
7.63241819795	2.20120e-04
7.64228557765	1.81563e-04
7.65215295735	1.99113e-04
7.66202033705	2.03496e-04
7.67188771675	2.30937e-04
7.68175509645	2.51543e-04
7.69162247615	2.52435e-04
7.70148985585	2.25470e-04
7.71135723555	2.24472e-04
7.72122461525	2.80272e-04
7.73109199495	2.33933e-04
7.74095937465	2.77155e-04
7.75082675435	2.86029e-04
7.76069413405	2.59122e-04
7.77056151375	2.75228e-04
7.78042889345	2.39631e-04
7.79029627315	3.17682e-04
7.80016365285	3.11365e-04
7.81003103255	2.76199e-04
7.81989841225	3.16622e-04
7.82976579195	3.25872e-04
7.83963317165	3.19530e-04
7.84950055135	2.88580e-04
7.85936793105	4.33233e-04
7.86923531075	3.75888e-04
7.87910269045	4.41246e-04
7.88897007015	4.76594e-04
7.89883744985	4.39603e-04
7.90870482955	4.05627e-04
7.91857220925	9.74575e-04
7.92843958895	6.43308e-04
7.93830696865	6.51345e-04
7.94817434835	7.21260e-04
7.95804172805	6.90416e-04
7.96790910775	9.46876e-04
7.97777648745	9.28404e-04
7.98764386715	8.49420e-04
7.99751124685	9.14575e-04
8.00737862655	1.10651e-03
8.01724600625	1.19379e-03
8.02711338595	1.24292e-03
8.03698076565	1.37010e-03
8.04684814535	1.29932e-03
8.05671552505	1.61098e-03
8.06658290475	2.03934e-03
8.07645028445	2.76843e-03
8.08631766415	3.61962e-03
8.09618504385	4.69810e-03
8.10605242355	4.29469e-03
8.11591980325	5.09827e-03
8.12578718295	4.91984e-03
8.13565456265	5.34165e-03
8.14552194235	5.51706e-03
8.15538932205	5.77115e-03
8.16525670175	5.76342e-03
8.17512408145	6.44590e-03
8.18499146115	6.52858e-03
8.19485884085	7.62628e-03
8.20472622055	8.06289e-03
8.21459360025	9.82632e-03
8.22446097995	1.05683e-02
8.23432835965	1.25166e-02
8.24419573935	1.42771e-02
8.25406311905	1.55149e-02
8.26393049875	1.76816e-02
8.27379787845	1.85871e-02
8.28366525815	1.96769e-02
8.29353263785	2.23008e-02
8.30340001755	2.57820e-02
8.31326739725	3.22701e-02
8.32313477695	4.76086e-02
8.33300215665	7.65365e-02
8.34286953635	1.40348e-01
8.35273691605	4.22426e-01
8.36260429575	6.20978e-08
8.37247167545	6.14061e-08
8.38233905515	6.09745e-08
8.39220643485	5.71431e-08
8.40207381455	5.38967e-08
8.41194119425	4.59371e-08
8.42180857395	4.12822e-08
8.43167595365	3.86044e-08
8.44154333335	3.57534e-08
8.45141071305	3.30381e-08
8.46127809275	3.23561e-08
8.47114547245	3.13888e-08
8.48101285215	2.41723e-08
8.49088023185	1.36055e-08
8.50074761155	6.86082e-09
8.51061499125	2.84757e-09
8.52048237095	8.77724e-10
8.53034975065	3.13748e-10
